559197012
587366761
703160418
777369707
1567465750
1607126643
1691287954
100000037705996
100000097405426
100000142908267
100000182596251
100000204064976
100000207724577
100000234168500
100000254355635
100000257592741
100000258377201
100000262203463
100000281950157
100000282333216
100000288920208
100000291543957
100000298546850
100000324950932
100000348602758
100000370111007
100000425830670
100000454820751
100000470516257
100000482554431
100000509212151
100000527610946
100000563074591
100000616387736
100000639902008
100000698321988
100000850548267
100001011600506
100001128755971
100001155748489
100001279654340
100001317862011
100001389162797
100001512785786
100001517619933
100001525401295
100001575210436
100001588584238
100001617122236
100001620166756
100001676819101
100001782934987
100001784860420
100001793650033
100001801501170
100001813074485
100001819212022
100001839587687
100001851273769
100001871386701
100001881626637
100002104286058
100002127596844
100002142253373
100002354769389
100002370237254
100002371578499
100002526778262
100002539657783
100002579084266
100002601865526
100002736158305
100002759003763
100002780945638
100002963940097
100002995025962
100003027940625
100003031727219
100003049407569
100003056036783
100003081640604
100003117831349
100003119059377
100003120325072
100003122054401
100003179506429
100003214346466
100003216738969
100003217237002
100003244756586
100003252818086
100003282618816
100003298645350
100003302688120
100003353207245
100003536527852
100003567122532
100003597151638
100003615246165
100003658782248
100003667973209
100003671763148
100003687111198
100003734094240
100003746158202
100003819790339
100003824347558
100003831796038
100003834999563
100003890869018
100003899196074
100003902397632
100003916520461
100003921979577
100003990117162
100003991011962
100004027043772
100004030779160
100004031031743
100004060604226
100004067322539
100004089740907
100004099772207
100004127114355
100004202531919
100004206270790
100004250345439
100004345009152
100004376851659
100004405870517
100004445711750
100004449003179
100004454022686
100004481976015
100004488249989
100004577528439
100004579863275
100004630686514
100004679922355
100004694165156
100004760598569
100004804682344
100004838084346
100004860785074
100004863252815
100004930988245
100004954725834
100004981594735
100005026994529
100005111568555
100005292914824
100005304671924
100005328072030
100005343272732
100005409643865
100005430128335
100005430906301
100005452926371
100005504194560
100005542276019
100005588081460
100005699526229
100005748424870
100005810978129
100005826908678
100005870586236
100005936831091
100006127954663
100006219607373
100006226337940
100006262936904
100006322087111
100006340872310
100006443953878
100006707018548
100006707801950
100006760393743
100006902105645
100006944680869
100007061670622
100007236078179
100007378270765
100007399122337
100007437726373
100007452586049
100008166040595
100008178221040
100008201142350
100008267401621
100008407965996
100008764446158
100008888956992
100008915616179
100009149720805
100009247514114
100009254232534
100009298416071
100009321018402
100009351106682
100009372134479
100009502341048
100009574296744
100009620649392
100009776389462
100009826089029
100009835518591
100009843548861
100009891799073
100009906669847
100009966287953
100009985961495
100010140469332
100010161244043
100010164696918
100010279390593
100010527197876
100010796200738
100011008184756
100011083987814
100011124192262
100011124634845
100011132132531
100011133370299
100011345348596
100011631999579
100011697550747
100011718491725
100011757799315
100011797654706
100012012045083
100012134055080
100012232389718
100012235544519
100012312580344
100012413474166
100012423395156
100012437553688
100012567676206
100012574033888
100012856419927
100012942303011
100012980794816
100013003508458
100013030860422
100013043283800
100013112043340
100013322345962
100013371281967
100013551815499
100013603087325
100013624181205
100013707604959
100013755467475
100013829316592
100013845490831
100013860312474
100013865709151
100013869510327
100013902845728
100013962254843
100014075832096
100014166874111
100014287383464
100014326651759
100014336291698
100014364930141
100014464721526
100014526991027
100014585130014
100014625546183
100014631706836
100014647934045
100014716868740
100014848267670
100014865588237
100014869456780
100014873643618
100015144936343
100015155889200
100015253449050
100015388484408
100015438066668
100015497168758
100015575253804
100015617163897
100015638131113
100015715686785
100015935072044
100015976470297
100016020376216
100016024352939
100016252508181
100016291989044
100016550193650
100016743553295
100016790205120
100016836904009
100016897930865
100016958020671
100017020442423
100017038909147
100017070960866
100017080572989
100017109465715
100017130006678
100017136547588
100017138568728
100017165822317
100017177376923
100017188067543
100017220458589
100017236627499
100017272998021
100017285560823
100017320366060
100017375820576
100017429284897
100017454282909
100017542214403
100017550041868
100017596001748
100017624315793
100017671210307
100017685258881
100017706767484
100017749956863
100017752094817
100017769109390
100017775631813
100017780170835
100017803950928
100017807976305
100017824325662
100017858233998
100017865226996
100017881997729
100017898128466
100017904480052
100017923249085
100017925884953
100017932865504
100017951626528
100017981374050
100017988186031
100018055503385
100018059085931
100018091695578
100018102855646
100018109097639
100018127399071
100018183546354
100018186854312
100018274122800
100018297874710
100018299893690
100018343952851
100018428730771
100018447676794
100018449053636
100018465760358
100018467801056
100018497737650
100018553249416
100018562306914
100018730815751
100018779387218
100018785645518
100018810737397
100018873274612
100018882795170
100018926053194
100018934876392
100018953767888
100019055629241
100019110423235
100019180664805
100019221431288
100019266786099
100019277763746
100019310323239
100019331463346
100019362705676
100019399485545
100019404550254
100019496923120
100019528181294
100019567562001
100019631177436
100019726743730
100019732235577
100019771328202
100019774816074
100019774956694
100019866675916
100020093718477
100020140293198
100020290389380
100020320571104
100020484125662
100020485336287
100020787270196
100020857801195
100020863551005
100020899722085
100020905598596
100020907401175
100020926800729
100021003348457
100021036241467
100021055823733
100021090016783
100021094035697
100021178449729
100021180121626
100021218527842
100021268462603
100021292763782
100021351289724
100021381061391
100021398718602
100021425717697
100021483244427
100021511777948
100021543070756
100021551701380
100021555458818
100021558552446
100021612713579
100021620182181
100021633936135
100021638415015
100021639192312
100021654637289
100021662444010
100021672637921
100021692887909
100021695541923
100021713692712
100021784209751
100021795622977
100021825051243
100021859939249
100021865534316
100021866552372
100021873091041
100021876462664
100021892125910
100021901269768
100021910904290
100021914612902
100021922831162
100021931534548
100021963192448
100021973491036
100021986623656
100022004027590
100022011548010
100022027842342
100022040772252
100022054339809
100022077062880
100022101078969
100022173695266
100022175410586
100022355194503
100022608713967
100022699117479
100023016603634
100023060013059
100023185865524
531702763
533589240
535495696
541776831
545161563
552044677
560648114
581672193
582690698
588470151
594338354
604712461
618127376
630282776
633968469
654448117
667590016
687257206
688076046
694182798
704708130
709931325
720962072
721963839
722219993
732188691
744018380
745985012
752548127
760277187
760952647
776717559
784424728
789713611
792149455
792462777
798224398
834606701
835363009
842889496
1014769042
1020892395
1031584544
1040169918
1044159585
1062358118
1067036085
1102045046
1106116503
1112894534
1129792106
1135428234
1141845666
1147883399
1150850577
1151958919
1158948160
1161551907
1197210556
1198177526
1200469162
1210365612
1219599243
1223411359
1226851365
1232126018
1235037742
1239154978
1245669763
1251928445
1261820368
1263495884
1276705422
1284508296
1297030775
1298960435
1310375405
1321203797
1330135139
1334724646
1344148344
1363231948
1364842335
1373286191
1395953701
1397114457
1398555578
1411224696
1414878134
1416874539
1419441278
1444323175
1457021539
1463502276
1466133235
1469855201
1473031057
1475452734
1476605171
1478648780
1479026156
1482997267
1488836069
1498669701
1515907443
1520525123
1524594831
1543899886
1559117895
1562043841
1573696733
1576302262
1576970539
1606146525
1608884680
1613136511
1619117085
1622568854
1639172692
1641992534
1645664885
1669875337
1673337216
1675239864
1677627302
1677942499
1681796512
1683192719
1683766074
1696707971
1705320602
1712401990
1714740410
1718571753
1719528953
1735922195
1742852154
1745453619
1746762173
1747132982
1751692164
1752319971
1767984166
1768365263
1770811425
1770884136
1778416443
1792573797
1793064845
1795448319
1796257262
1799204970
1799744031
1808561571
1811487822
1811961183
1813808950
1815673939
1816243217
1816494366
1816810360
1822790286
1823456007
1831736501
1833579690
1837290274
1839200486
1842895319
1843604912
1849104119
100000001500785
100000001796220
100000005922422
100000008519071
100000008808681
100000014538555
100000019987646
100000020906766
100000025637093
100000027814699
100000028221779
100000028697738
100000030118800
100000032111549
100000034013025
100000034294632
100000037847492
100000039156250
100000039201816
100000041473459
100000042983834
100000043714571
100000044896346
100000044900916
100000050182230
100000050773323
100000052072357
100000055418747
100000058172503
100000060436810
100000061615486
100000063291125
100000063570811
100000066272917
100000067555565
100000071209992
100000074662153
100000074716858
100000076676199
100000076948350
100000079272418
100000082985408
100000083080766
100000087154441
100000087643300
100000094372116
100000096145355
100000097556357
100000099402484
100000100129109
100000101084684
100000104527235
100000105284966
100000108859355
100000109610362
100000112292972
100000115606067
100000116340423
100000117279370
100000117505355
100000117644364
100000117916325
100000118274280
100000119326563
100000119782275
100000120765389
100000121903727
100000122052830
100000122320644
100000127437505
100000130071378
100000131545715
100000137295680
100000139486814
100000140899518
100000143381044
100000145162895
100000146189139
100000146263934
100000150344154
100000153221623
100000155535523
100000157150744
100000157778456
100000158254869
100000158490793
100000158620015
100000160365444
100000160687258
100000161795332
100000162505962
100000164519350
100000164731074
100000164840558
100000165670944
100000166575519
100000172420640
100000175207447
100000176374949
100000177387854
100000179071616
100000180203210
100000180474363
100000180487656
100000182594908
100000184950400
100000186639123
100000187249493
100000187482812
100000187820531
100000188821841
100000189464982
100000190404854
100000190647374
100000192504615
100000201354487
100000204834519
100000205636213
100000205727545
100000207944782
100000208150609
100000208420545
100000210210274
100000212562046
100000214127023
100000215561117
100000217214392
100000218826673
100000220710402
100000222082432
100000225868434
100000227087039
100000229209688
100000229816677
100000232240245
100000232422927
100000233203133
100000238075852
100000238943805
100000239053257
100000243360109
100000244361229
100000244931266
100000246713136
100000247834927
100000248286815
100000248397902
100000249221208
100000252191525
100000254725750
100000256072349
100000256287715
100000259533251
100000261462814
100000261574631
100000261859865
100000264997201
100000266781065
100000268946144
100000269441922
100000275274576
100000277130203
100000278071804
100000280353231
100000280716573
100000281392763
100000285596222
100000288255887
100000288645451
100000288971846
100000293672511
100000295266713
100000298306671
100000298336674
100000298635945
100000298904464
100000299055554
100000299458449
100000299863450
100000302004289
100000304074398
100000304440598
100000305115956
100000307818224
100000309712425
100000312048423
100000315671651
100000320876067
100000321273855
100000321992388
100000323945278
100000334366904
100000336384471
100000337384376
100000337505889
100000338864312
100000341708922
100000344193499
100000344822669
100000347402757
100000348873660
100000350332400
100000350426900
100000352107653
100000356169590
100000356228729
100000356776670
100000356834312
100000356973114
100000357984306
100000364031688
100000365974116
100000366743501
100000370626517
100000371734885
100000373204953
100000375068324
100000376715221
100000376944243
100000378551859
100000380155798
100000383095429
100000387278127
100000388462223
100000389123454
100000391230806
100000401123652
100000402405426
100000404509281
100000406437200
100000407501752
100000412521080
100000413014391
100000416927589
100000417042117
100000417274518
100000418982330
100000420782573
100000424116414
100000425726147
100000426832805
100000427953229
100000431921371
100000432947572
100000433697489
100000435423279
100000442295011
100000442903346
100000444746548
100000448662463
100000451829012
100000461195193
100000478099657
100000516758288
100000517894189
100000519568582
100000520665519
100000526920669
100000527527448
100000530619804
100000536820293
100000537611637
100000542038921
100000544262714
100000571028807
100000574608876
100000586174803
100000588284235
100000596174386
100000597554331
100000607644624
100000607669108
100000608008247
100000611544371
100000629305105
100000629817979
100000637229066
100000640249763
100000652101274
100000653706171
100000656767118
100000705401155
100000714433896
100000730424560
100000773001478
100000793461092
100000796900431
100000802808126
100000806417234
100000806488745
100000814664278
100000815033122
100000817494719
100000831520690
100000859952573
100000869156399
100000894154381
100000897958692
100000903228056
100000905534082
100000908563042
100000908683197
100000919425863
100000930951659
100000932078726
100000933152048
100000934197858
100000937792974
100000945484594
100000959054206
100000966344605
100000966348278
100000974534532
100000975977392
100000977349406
100000983686130
100000986969241
100000989211777
100000989767950
100000997960641
100001002771739
100001003312183
100001009282493
100001013761250
100001017865181
100001021284654
100001027395792
100001028448277
100001034260924
100001071963412
100001074167292
100001080516999
100001087722741
100001096520379
100001107297224
100001113585385
100001118715295
100001119309456
100001122138646
100001133807566
100001134612492
100001143516093
100001147933992
100001148017843
100001149397664
100001150487944
100001157310894
100001158475749
100001158910297
100001175135146
100001185265065
100001190291129
100001190933146
100001199792854
100001201086430
100001204945004
100001211998317
100001219883845
100001222149581
100001222959341
100001227198338
100001232253325
100001243338254
100001245402794
100001253606173
100001257120021
100001265514531
100001268507672
100001277030285
100001287863410
100001310784289
100001315653243
100001320017532
100001330964381
100001331416351
100001335721255
100001344438949
100001352637099
100001352869738
100001353632660
100001356857152
100001361322737
100001363614878
100001366458035
100001373270202
100001375897837
100001384812848
100001394276766
100001395355750
100001397509435
100001397567486
100001405865170
100001406431042
100001412098521
100001414252311
100001417502415
100001419471629
100001422071363
100001438594618
100001442229363
100001445104400
100001447847170
100001449736548
100001454981871
100001460479065
100001461604724
100001471671614
100001472803118
100001474225444
100001480396466
100001482701443
100001484617332
100001485895709
100001486786150
100001490986123
100001496834341
100001508246101
100001513898151
100001515434512
100001532826240
100001535996629
100001540525448
100001549958264
100001553419302
100001557221739
100001561987224
100001565785945
100001567644169
100001568569304
100001569452181
100001574310227
100001577642381
100001577690646
100001581555162
100001582316392
100001583614113
100001584211111
100001591502741
100001593714590
100001597430150
100001603616845
100001607731084
100001619341427
100001619935235
100001622317286
100001625252170
100001628407948
100001629107277
100001631261152
100001632191398
100001632740532
100001634165994
100001636140963
100001644094949
100001644704027
100001646107915
100001649511153
100001652276532
100001655315880
100001663285051
100001665775961
100001666359888
100001666673886
100001667985976
100001671758246
100001671802535
100001677234031
100001678975079
100001682991153
100001684566427
100001686202925
100001690404899
100001690773641
100001691320357
100001694598498
100001705766180
100001715798815
100001718581843
100001723674815
100001724197667
100001726787858
100001732571101
100001732672226
100001733935405
100001737831809
100001739763611
100001749219662
100001754427173
100001755416232
100001758559328
100001762624952
100001763518275
100001764935873
100001764982188
100001765618813
100001770931109
100001774427695
100001782505444
100001783408715
100001791002588
100001793456845
100001795617523
100001799842976
100001801864418
100001803250648
100001805242466
100001806495366
100001806808194
100001808928564
100001809702481
100001812745031
100001812948277
100001813213498
100001819496082
100001823928449
100001829981906
100001830052511
100001830978429
100001832465513
100001835423702
100001839111104
100001842546886
100001851588789
100001854023886
100001855701138
100001860510777
100001863532515
100001863552714
100001863712159
100001866201484
100001866227417
100001868782925
100001869654178
100001873889247
100001878207827
100001879924297
100001881414143
100001882030746
100001885146009
100001891046544
100001891080689
100001892680363
100001896606355
100001899806048
100001905312012
100001912200927
100001913806637
100001915148705
100001915598250
100001919991628
100001931160353
100001980912894
100002069514246
100002082411343
100002086567112
100002097616792
100002099105494
100002108781303
100002142628740
100002147277021
100002153212333
100002221922830
100002228590027
100002282572882
100002285721385
100002285844551
100002300631885
100002318531821
100002331305882
100002340622015
100002343206924
100002350695976
100002353664044
100002387688372
100002390065755
100002393725357
100002409066604
100002411784746
100002420448693
100002466853051
100002468657692
100002477395389
100002491537544
100002513820337
100002528593442
100002535922707
100002536823169
100002539539749
100002555263295
100002565014700
100002569947662
100002580070661
100002580469963
100002605114506
100002605843489
100002615290093
100002616588024
100002623717731
100002630164409
100002630485936
100002634080852
100002637794911
100002640606084
100002653502785
100002659858727
100002664590618
100002666140129
100002667484684
100002674114352
100002690258153
100002699302580
100002700050539
100002715325553
100002719735612
100002720613778
100002731339799
100002733091168
100002737048326
100002746355997
100002753783001
100002754180502
100002762603153
100002771723376
100002776389726
100002777681731
100002778118531
100002790895038
100002794588162
100002804361629
100002812574951
100002815154564
100002817328403
100002831503816
100002833598162
100002833870390
100002835010609
100002835362384
100002843832981
100002847769623
100002848741024
100002851636519
100002858777911
100002864171237
100002865632425
100002868272463
100002872039762
100002872360449
100002876925238
100002880758837
100002882421955
100002883272349
100002888450262
100002899118927
100002903003957
100002907123514
100002913400743
100002914351332
100002914353173
100002914830642
100002917584677
100002926201454
100002927269623
100002927579060
100002933085602
100002934965457
100002936782000
100002941663627
100002942373461
100002950178790
100002955366696
100002958271743
100002961966788
100002962776288
100002963017484
100002964011971
100002968843958
100002970122317
100002976127365
100002977481423
100002977523231
100002981717304
100002981870914
100002982346464
100002986377153
100002987570531
100002998795941
100003000229299
100003004003136
100003010430585
100003013816765
100003019922647
100003023512306
100003029915251
100003030012447
100003031955716
100003040965471
100003042597512
100003047820718
100003055969320
100003056572282
100003056684189
100003059307565
100003062753151
100003066699379
100003067915720
100003073524472
100003074525702
100003074948550
100003080716143
100003081106273
100003081363447
100003083776525
100003083790409
100003091101849
100003091770311
100003094029159
100003098140131
100003099154021
100003100054221
100003100743907
100003102030236
100003107532045
100003108204277
100003110076041
100003113490518
100003113768482
100003113798379
100003116176918
100003116538614
100003118785705
100003119276698
100003119810601
100003120385061
100003127798353
100003132549654
100003135977122
100003136815861
100003138632297
100003138897461
100003139837724
100003143534990
100003143628559
100003146956659
100003149860356
100003152136831
100003155525041
100003160172008
100003166085636
100003169465105
100003173647097
100003174572193
100003175374533
100003176141024
100003176691807
100003179821050
100003180604424
100003184520928
100003186896901
100003188569633
100003189006567
100003191194630
100003192441315
100003196557619
100003197714908
100003202192747
100003212783255
100003216145230
100003221312362
100003221859849
100003229605033
100003230914382
100003232206627
100003236393152
100003236796133
100003242060885
100003245708213
100003254431522
100003254955991
100003257015796
100003257394500
100003257648740
100003260518525
100003260567880
100003260757770
100003262811972
100003262890449
100003264477853
100003265704134
100003276200959
100003277782116
100003287537728
100003293119660
100003293555735
100003293917499
100003294937133
100003296359009
100003300841430
100003302661142
100003305941505
100003307100601
100003310209268
100003317682966
100003318159721
100003323886986
100003326361021
100003327091464
100003328542261
100003328846552
100003331175000
100003331655554
100003333162294
100003333670538
100003340029071
100003340719015
100003346479111
100003349069860
100003350821584
100003352322825
100003352542613
100003452007185
100003462136323
100003476097021
100003476241886
100003476381015
100003480102357
100003481923043
100003492358641
100003507001301
100003511975230
100003516238478
100003520875227
100003528688332
100003534639406
100003550235431
100003564015668
100003567489959
100003575799365
100003581951505
100003588166636
100003588533370
100003589976032
100003596562696
100003613002507
100003613281588
100003613481805
100003614894963
100003618219942
100003625635079
100003627524253
100003632980700
100003636734296
100003637108072
100003645652415
100003646572862
100003650072468
100003654023255
100003664959540
100003668247253
100003672146161
100003674703963
100003682040629
100003683340103
100003684428728
100003688198533
100003691285937
100003702537398
100003702955991
100003703994295
100003705281733
100003707551108
100003708871331
100003709228548
100003713154108
100003716963031
100003719271055
100003721293036
100003723451595
100003724458967
100003724747049
100003725248681
100003726744328
100003728899057
100003730145225
100003736720151
100003739371869
100003748350795
100003749385409
100003749915933
100003754313326
100003757005321
100003759963301
100003762796051
100003762885253
100003763317984
100003765074990
100003765482535
100003767169995
100003771335496
100003773510207
100003776718864
100003778414107
100003778785025
100003778901248
100003779021104
100003784367308
100003786738678
100003789694031
100003789878503
100003791598069
100003800556528
100003801259603
100003801958090
100003803317818
100003805334528
100003809842174
100003812899105
100003813457680
100003813827576
100003817339497
100003819651393
100003820577349
100003820661073
100003821921875
100003823511227
100003823909704
100003825514956
100003826230622
100003827918317
100003832710967
100003839923296
100003841893253
100003842748258
100003852587449
100003854076870
100003857110088
100003860739590
100003861251865
100003862953034
100003868519429
100003868901906
100003872620085
100003873177693
100003873574147
100003874923089
100003875544062
100003875654499
100003876016168
100003876428985
100003878522674
100003878696279
100003880998102
100003884031294
100003884964101
100003886077289
100003887701259
100003890032258
100003892496832
100003892686484
100003894151924
100003894185532
100003894633267
100003895177246
100003895807522
100003903580484
100003903860976
100003906170727
100003906266068
100003907792556
100003908201976
100003909706984
100003911649002
100003921063436
100003925243915
100003927373682
100003928853474
100003929352103
100003929616729
100003931032996
100003933525754
100003934130211
100003935174021
100003935860447
100003942112032
100003943430315
100003945550821
100003945588386
100003946462360
100003948186758
100003952184555
100003952444442
100003952714445
100003952719202
100003954108413
100003957038701
100003957655531
100003960562453
100003963597631
100003975616207
100003980771556
100003983136888
100003984001890
100003984304801
100003985076789
100003985393322
100003988373385
100003990616274
100003993630865
100003995104187
100003995425228
100003997104433
100003998974783
100004000159129
100004000610550
100004001398337
100004002533012
100004003288834
100004004310845
100004007389961
100004010928223
100004011053956
100004011559246
100004015164635
100004015380391
100004018458776
100004019574977
100004019619798
100004020601505
100004020856436
100004023695466
100004024420557
100004024488189
100004027671573
100004029858330
100004035731120
100004037200457
100004038932762
100004039917608
100004044398394
100004044524539
100004046302025
100004046531719
100004049505484
100004050235844
100004057404505
100004058653365
100004058672926
100004060060158
100004062887474
100004064813268
100004065953700
100004068035533
100004068040144
100004070524309
100004072628013
100004072959892
100004075129867
100004076976861
100004079951328
100004087037190
100004089774111
100004089970495
100004091626472
100004092581285
100004092604793
100004095641409
100004096283383
100004098750485
100004100624106
100004102321643
100004102411885
100004103767907
100004104699982
100004107722999
100004110076691
100004111810384
100004114361447
100004117770919
100004118285536
100004119190636
100004122900688
100004125819172
100004126830938
100004127236531
100004127596519
100004136046248
100004150294921
100004154522779
100004154922198
100004155301605
100004155633247
100004156953985
100004162089921
100004163011367
100004165244477
100004166730967
100004169820281
100004171863500
100004179249542
100004180086721
100004182518151
100004184885576
100004185035551
100004185638222
100004191004044
100004193616715
100004195754129
100004206727933
100004208047930
100004208312580
100004210652455
100004217373348
100004218065120
100004221124426
100004222060012
100004224552893
100004225233593
100004226046418
100004226113782
100004226940864
100004236496773
100004236850599
100004238610173
100004247433331
100004247580841
100004250703467
100004251342080
100004260249582
100004263968829
100004265439010
100004278452919
100004283503430
100004284374036
100004293430756
100004296070738
100004296346111
100004300423152
100004303591099
100004303814095
100004305492263
100004308788934
100004311690177
100004316040935
100004316863652
100004319550546
100004321233512
100004323338943
100004323582791
100004324668399
100004329213626
100004333146224
100004343435135
100004343798806
100004345788612
100004349705495
100004350453370
100004351245047
100004354832802
100004359709360
100004360206892
100004360788346
100004362978182
100004362995036
100004365794430
100004368071686
100004370534147
100004375396378
100004378482065
100004378807436
100004379016876
100004380061808
100004380494579
100004381689819
100004389034667
100004394282425
100004394837584
100004400914097
100004401184758
100004405571728
100004414088531
100004415229880
100004415231019
100004416997583
100004420902111
100004433653557
100004434198080
100004434425242
100004436445485
100004438244068
100004438961019
100004443900090
100004444237165
100004444682184
100004445956210
100004447634802
100004454267700
100004461845966
100004465327152
100004469223150
100004473842317
100004479550023
100004487163448
100004487857894
100004490831107
100004491187778
100004491900008
100004492115798
100004492324509
100004497048282
100004499921458
100004500042977
100004502077362
100004503671229
100004506193978
100004514291715
100004521002766
100004521241291
100004521815871
100004522519155
100004523297464
100004533302994
100004540445868
100004541076840
100004542990159
100004547439055
100004547820880
100004551945421
100004552898583
100004553790783
100004557961950
100004559142139
100004565827150
100004569340901
100004572123312
100004575180055
100004578553036
100004579020527
100004581319273
100004582547320
100004588479109
100004589946773
100004590399791
100004592797058
100004610678048
100004614946759
100004618333780
100004619584867
100004628461664
100004629902750
100004630875672
100004632499207
100004633625330
100004634231398
100004634897786
100004639444746
100004643268912
100004645208154
100004648966884
100004650169053
100004651899234
100004655072433
100004663363979
100004664011380
100004667476509
100004667851508
100004668976948
100004669842915
100004673353848
100004677319154
100004681576660
100004685647467
100004689552323
100004696119688
100004697110233
100004699325272
100004699962229
100004717186069
100004720890069
100004722031407
100004727793291
100004738211609
100004741844213
100004747411342
100004747749081
100004750840615
100004757618662
100004762867644
100004765305442
100004772460132
100004774503069
100004776003670
100004776810719
100004784140382
100004790024624
100004792263704
100004819773209
100004822989007
100004843128475
100004843294334
100004851030216
100004851104776
100004854514254
100004856627287
100004856772469
100004859437673
100004866630617
100004867009090
100004867509695
100004872035838
100004877830028
100004879741711
100004884277643
100004885025275
100004894959784
100004897698469
100004899732743
100004900362592
100004907460167
100004909624755
100004912891705
100004914668663
100004917695913
100004928806498
100004933140172
100004939396626
100004939483976
100004943358746
100004944705329
100004947700391
100004953193552
100004957874410
100004958438971
100004960389279
100004961371775
100004963158491
100004967735844
100004983211505
100004984776717
100005011938378
100005014486614
100005015149299
100005016404251
100005017148582
100005020500273
100005027588112
100005027647423
100005037247004
100005039178252
100005047530473
100005053876558
100005054880528
100005058072840
100005062066115
100005069655081
100005069943946
100005072043899
100005074781918
100005074988856
100005084829527
100005085309825
100005087070717
100005088182684
100005088844167
100005091603538
100005096650785
100005098631489
100005099912453
100005100244491
100005100814904
100005101590549
100005107322619
100005107337420
100005109460927
100005122082784
100005131474848
100005139126191
100005139316897
100005140241416
100005144103470
100005144675818
100005150944579
100005152093123
100005164151557
100005169318358
100005171972014
100005177620953
100005182322611
100005183536409
100005193432712
100005193638416
100005198203017
100005199040096
100005200933975
100005207714825
100005215905051
100005220552495
100005224119625
100005226914120
100005248295661
100005252051577
100005257840654
100005260637262
100005262373364
100005266094891
100005266388259
100005269127901
100005270131605
100005272153485
100005274841057
100005281006203
100005282500821
100005286648107
100005289944808
100005290359263
100005300104235
100005305448751
100005309980436
100005315324770
100005316613491
100005323470335
100005325450919
100005332424155
100005335148489
100005335843015
100005340157342
100005341621249
100005346614552
100005351490140
100005351534378
100005355931336
100005360598501
100005361732541
100005364902468
100005368818315
100005369794099
100005371653805
100005377837361
100005378975842
100005379971021
100005386170872
100005387175742
100005388734726
100005390201214
100005396341325
100005396774129
100005402449164
100005403883787
100005411894415
100005413625733
100005415254068
100005417319247
100005423556126
100005425331249
100005428290669
100005429706922
100005432311910
100005442722944
100005446695885
100005453714131
100005460429418
100005468833321
100005479932543
100005479962278
100005480403214
100005490032761
100005497900385
100005499762267
100005503894708
100005510975197
100005512939332
100005514585041
100005516838980
100005521021734
100005526763719
100005530997911
100005536656225
100005549147856
100005558491334
100005570286133
100005570401320
100005571129000
100005600190220
100005602121261
100005606943360
100005607433063
100005612016733
100005623476285
100005625213037
100005626181678
100005628574011
100005632876859
100005633835507
100005634783555
100005643060357
100005650509601
100005655187486
100005664039187
100005666340405
100005677773034
100005680848943
100005681922683
100005685640788
100005699164140
100005710925594
100005713902961
100005714829166
100005718734317
100005723440824
100005728923447
100005729795759
100005733556607
100005734092443
100005735102292
100005735554961
100005751240253
100005753321312
100005758356530
100005758590296
100005763663523
100005764111316
100005766241206
100005767530275
100005769587919
100005775276500
100005775873345
100005779057852
100005788004139
100005794386499
100005801317749
100005801796561
100005809327849
100005811186741
100005824805255
100005825500536
100005825856748
100005826130377
100005839059968
100005839927342
100005841768091
100005846167763
100005848294544
100005861409261
100005861952702
100005866599407
100005868814971
100005871335666
100005885915808
100005890059739
100005891079204
100005893152149
100005896052060
100005908664731
100005909746448
100005911531876
100005914354234
100005922098812
100005926213942
100005937753084
100005943072574
100005944987565
100005947836071
100005958368542
100005960440923
100005962509676
100005975976401
100005976519052
100005982968840
100005984378844
100005985610859
100006000842156
100006001960395
100006008102124
100006009510627
100006013953734
100006013958437
100006018215496
100006020624409
100006021878111
100006038860598
100006045637564
100006050987435
100006052031975
100006054185751
100006060402479
100006060796634
100006063674170
100006074888124
100006075102890
100006076962945
100006077773583
100006084575610
100006085727352
100006091300416
100006096461649
100006107703919
100006111161010
100006114438604
100006116321692
100006120004628
100006121008643
100006123600929
100006125703787
100006132048325
100006137610164
100006141360031
100006149351010
100006151772156
100006152820796
100006158474427
100006159073900
100006163505203
100006182172650
100006195548337
100006216702137
100006233856917
100006237487024
100006238803002
100006240513589
100006243213487
100006252703469
100006252728395
100006253923993
100006255430434
100006259508382
100006259601400
100006263734232
100006269017790
100006278943816
100006282992276
100006283657251
100006284834015
100006298934625
100006302921678
100006307455924
100006327365998
100006328208517
100006329827903
100006332464457
100006333570450
100006334901321
100006335222792
100006336390398
100006340180622
100006344708189
100006347347253
100006355771800
100006368464360
100006375960667
100006376275574
100006383530599
100006385052520
100006386586521
100006391668742
100006394725335
100006395200873
100006397740178
100006404491237
100006406416112
100006415358140
100006421633803
100006430507947
100006431972608
100006437287956
100006437769751
100006447604060
100006451026291
100006453162525
100006455200508
100006457383217
100006460744081
100006465777846
100006467477937
100006467538597
100006469433689
100006476797137
100006476908372
100006478883961
100006479736462
100006482140475
100006491955198
100006493980107
100006496380826
100006497449965
100006499431151
100006505310570
100006508368273
100006510514544
100006514205038
100006515446273
100006515951553
100006516525732
100006516610737
100006518887369
100006522497573
100006528910539
100006529485798
100006535366169
100006536956512
100006538656253
100006545718171
100006546661091
100006555810598
100006556684439
100006562140566
100006575224550
100006581674822
100006584954601
100006591252952
100006598908678
100006602432440
100006610694294
100006621152559
100006624310577
100006625629132
100006630450457
100006634922129
100006636285138
100006636695143
100006637272709
100006640082489
100006644349717
100006645931857
100006651580248
100006661484055
100006663728200
100006664831847
100006667813589
100006668432648
100006670140522
100006673652378
100006674043350
100006678889366
100006682962954
100006686160222
100006687277433
100006691455979
100006692222567
100006697873428
100006711674432
100006725137237
100006730868452
100006734731481
100006739331143
100006741706223
100006747391022
100006754290527
100006756573099
100006765184105
100006769651184
100006772303647
100006781535483
100006782564454
100006789791034
100006790472502
100006794280393
100006797112883
100006800951291
100006807885293
100006812946997
100006827114547
100006834674808
100006836986015
100006838896213
100006839317715
100006848583902
100006852240221
100006853962958
100006862455135
100006864312113
100006866524512
100006869082334
100006876314123
100006884826257
100006891105183
100006894432873
100006902191048
100006908102414
100006916951023
100006948346578
100006957994605
100006959940573
100006969070429
100006969554103
100006970295644
100006975960551
100006982201540
100006982322228
100006983354609
100006983618159
100006986019724
100006987826551
100007000570406
100007003335648
100007011429981
100007013178405
100007013921690
100007019411583
100007022381740
100007026947890
100007028080021
100007030754403
100007032908327
100007035189687
100007040771964
100007045417298
100007048655148
100007054457016
100007058641700
100007059634156
100007064417417
100007066453397
100007066621555
100007067380081
100007080764481
100007081899296
100007086737111
100007088162272
100007088972103
100007089670088
100007089671306
100007092662794
100007098156041
100007101825355
100007102209401
100007117365491
100007118850298
100007128379412
100007137720231
100007139563291
100007143242479
100007147921577
100007155725919
100007155736706
100007156056644
100007161193080
100007162261728
100007162810001
100007173072393
100007173194164
100007173545692
100007196167760
100007196923243
100007198871735
100007200633609
100007205376157
100007216446179
100007229146457
100007234385842
100007248219345
100007271222017
100007272400711
100007287126957
100007289285255
100007290936363
100007299824822
100007304673881
100007306293952
100007310208470
100007313555683
100007318750808
100007323889150
100007327302734
100007329048583
100007329249789
100007350734124
100007351097834
100007352974404
100007355791120
100007357862638
100007368014906
100007375480499
100007385191552
100007391921638
100007398127413
100007400773074
100007401822595
100007404558147
100007409859649
100007413099646
100007413518875
100007414204793
100007417997965
100007428093562
100007429240939
100007430614688
100007448651050
100007448683577
100007461824223
100007465969420
100007486357928
100007491810036
100007493077207
100007495803306
100007497872646
100007500515943
100007503522279
100007521129771
100007525368398
100007528306373
100007535857571
100007549354887
100007552636108
100007552650367
100007586774496
100007593198753
100007608304932
100007619714866
100007629365041
100007633201947
100007636036490
100007651150727
100007661929025
100007664711526
100007664941270
100007682239404
100007690004629
100007691040782
100007694797089
100007696782709
100007702156561
100007704876015
100007711664641
100007714128996
100007720082345
100007720749859
100007722614380
100007726720997
100007728249824
100007729870232
100007748285137
100007751343248
100007753020457
100007753425022
100007760538014
100007764917640
100007773790750
100007778916455
100007787793743
100007788008807
100007788067650
100007789711682
100007792803845
100007795964716
100007798847435
100007807093837
100007810786874
100007817898417
100007818667791
100007832171372
100007834302334
100007842075555
100007842678374
100007846599851
100007846689751
100007852218234
100007857040681
100007863097242
100007863155847
100007867416913
100007868523711
100007871198122
100007880383394
100007881873300
100007883228603
100007885083286
100007889984082
100007904438262
100007906350628
100007907411025
100007913317396
100007914213771
100007919040572
100007919165959
100007926512560
100007931146608
100007940617560
100007941936380
100007958988194
100007968040000
100007991312644
100007992543742
100007992841514
100007998840050
100008010276380
100008011442509
100008014513586
100008028934097
100008030897336
100008037720501
100008039506861
100008050839983
100008054381323
100008075496458
100008078436249
100008087312260
100008089441056
100008089591275
100008096582176
100008101487076
100008103460375
100008107510085
100008109276222
100008120912383
100008121882895
100008127060992
100008142730249
100008147859100
100008155693929
100008155715987
100008155723266
100008155744386
100008157519307
100008160211485
100008167545966
100008170328574
100008171610466
100008181812723
100008183658870
100008189774085
100008191802663
100008202600776
100008206862144
100008212034562
100008215087084
100008215622559
100008215813048
100008216979513
100008220090984
100008220698237
100008226165657
100008230119802
100008230997884
100008233542342
100008246435171
100008249166464
100008261506058
100008261507115
100008270793772
100008281712049
100008283137533
100008284265425
100008309536789
100008318177288
100008326360273
100008337257157
100008337842483
100008338532896
100008338715619
100008342808281
100008358768188
100008373314665
100008382669493
100008389659379
100008395154575
100008395217188
100008404242277
100008406493142
100008407927125
100008422519106
100008424045833
100008426655906
100008427133268
100008430962871
100008440898441
100008459024567
100008466930289
100008467570658
100008468533516
100008474265743
100008489252064
100008503144062
100008505731091
100008506059031
100008514661277
100008518397926
100008523248545
100008546797371
100008552257797
100008568454307
100008569537290
100008584210605
100008586106599
100008588313337
100008604671747
100008616824287
100008619409439
100008624011919
100008629741418
100008637422286
100008658096630
100008660228801
100008669886075
100008709253632
100008715916088
100008718493136
100008724825149
100008734232118
100008739965169
100008752155502
100008756740921
100008769909779
100008773272805
100008792026771
100008794962948
100008806268370
100008806293640
100008807589845
100008831221353
100008836451567
100008843502666
100008855083151
100008863396312
100008869593339
100008875087223
100008894020471
100008911083893
100008922273847
100008925767827
100008930344441
100008955400194
100008969342291
100008979576828
100008982467968
100008985765493
100008994763320
100009012485471
100009013136791
100009014881611
100009026035088
100009031605362
100009035335473
100009039439738
100009058996346
100009063360779
100009068255540
100009073606315
100009087309511
100009090933901
100009102776489
100009108664244
100009115052026
100009120010468
100009130732941
100009175589647
100009179099911
100009183615860
100009187776064
100009194226765
100009195747164
100009197213924
100009208740364
100009212988678
100009225029129
100009250346961
100009250676375
100009260056170
100009264115962
100009269732983
100009270218541
100009273534452
100009274392676
100009274642056
100009286959734
100009293551437
100009301009343
100009303965931
100009312019277
100009312479120
100009312986121
100009320259503
100009325429033
100009334363836
100009334547051
100009338445674
100009338467177
100009349100351
100009349131135
100009358734409
100009361858046
100009367525404
100009374096323
100009374438006
100009379362726
100009380282188
100009381294829
100009395420280
100009396163415
100009396402442
100009398778018
100009406256704
100009409336485
100009409607294
100009414677883
100009420639121
100009424429731
100009439653710
100009442271664
100009448495961
100009449901809
100009451624883
100009455450553
100009458852334
100009464459215
100009466556863
100009473493006
100009473810336
100009484784786
100009485041689
100009489739898
100009491860127
100009495203184
100009502687589
100009508497481
100009509719873
100009510974407
100009511266486
100009517216575
100009533378356
100009543474817
100009547545081
100009548413203
100009548782734
100009549011477
100009556382221
100009559598661
100009569261579
100009571241257
100009573302629
100009573562703
100009574284607
100009587551643
100009594171545
100009595991002
100009601309636
100009604724647
100009605898889
100009615400484
100009621613232
100009631159195
100009637382295
100009642934287
100009647685222
100009656287578
100009664637340
100009664802882
100009668311424
100009671055673
100009677204370
100009679275479
100009692981389
100009695913784
100009698202995
100009707657875
100009709206212
100009709567795
100009721692741
100009723820380
100009724260456
100009727565264
100009743132580
100009750633092
100009751870628
100009752622522
100009767562577
100009769393547
100009771554058
100009772279344
100009776291624
100009782285022
100009783186477
100009783720922
100009785744354
100009788282470
100009792247983
100009794379964
100009797325735
100009814626726
100009817277765
100009819570382
100009823382667
100009823998005
100009852392239
100009852845561
100009854762233
100009859002743
100009868984776
100009870121474
100009878141634
100009886024570
100009888281013
100009889632093
100009893768898
100009894069978
100009900079384
100009902010872
100009908119204
100009911286266
100009911588937
100009913052504
100009914200621
100009914707479
100009920683906
100009933277095
100009942857189
100009954960519
100009957615659
100009963848715
100009966459762
100009969514560
100009986380014
100009986861788
100009998325667
100010001719188
100010003398057
100010008301190
100010016590181
100010024957422
100010032884100
100010034346501
100010036905662
100010049561992
100010052014316
100010055747639
100010061866781
100010067525915
100010067580579
100010077840184
100010083211821
100010096052967
100010101904898
100010102244464
100010102246066
100010107791680
100010109208887
100010113005896
100010118970037
100010119702473
100010133229365
100010140706546
100010146638561
100010147128693
100010155871828
100010162355113
100010163495931
100010165326489
100010170003467
100010171809791
100010177993079
100010179125321
100010186417365
100010198488576
100010200796478
100010201025731
100010202593572
100010209280883
100010211400011
100010217837910
100010224398246
100010226201564
100010233852812
100010236997741
100010237067482
100010237900447
100010246650322
100010252090897
100010252719756
100010268019921
100010270993001
100010271953047
100010272090842
100010273230918
100010276874807
100010289830047
100010297269787
100010304202604
100010315418313
100010325104460
100010325471627
100010331629125
100010336212287
100010342569510
100010349615917
100010354155654
100010356812538
100010358650623
100010363115400
100010366937776
100010380395936
100010380497563
100010382264126
100010383962710
100010390176396
100010393897278
100010396800239
100010406449302
100010418259807
100010423624303
100010428455802
100010432756681
100010437964159
100010438209962
100010438327998
100010441477939
100010454774083
100010455005962
100010456184292
100010470645878
100010471712144
100010473813675
100010476930654
100010482433045
100010490402275
100010496854004
100010497577502
100010504781699
100010517134927
100010520467033
100010520855784
100010520913400
100010532226961
100010534452603
100010538989541
100010543861564
100010543963058
100010544651433
100010547448191
100010552233985
100010558479229
100010562477309
100010562597963
100010563527091
100010564866655
100010568584574
100010577628760
100010588593407
100010615847730
100010621119730
100010631976731
100010650820714
100010653346315
100010653575044
100010654623985
100010666662930
100010671900024
100010671961313
100010673625867
100010675695893
100010677943796
100010683720705
100010684119858
100010684181308
100010686199327
100010690207858
100010692078481
100010695484922
100010701180419
100010709444142
100010712685128
100010713582601
100010715079795
100010721164532
100010723170563
100010730948011
100010751018859
100010759753584
100010768935642
100010771476344
100010777094157
100010777869343
100010785243854
100010790566416
100010793558423
100010807985286
100010807995933
100010808224207
100010815452028
100010815791622
100010819776823
100010828321369
100010838836584
100010841612986
100010847325633
100010858720582
100010883536030
100010891425012
100010891518586
100010901886600
100010908464187
100010924899382
100010925681792
100010931083250
100010939213600
100010950484229
100010953400331
100010956486049
100010966352490
100010970553076
100010971400644
100010985111177
100010986192072
100010989040273
100010991103076
100010992074138
100010994327650
100011014171469
100011019197914
100011029747465
100011032600852
100011034727915
100011039565594
100011042280929
100011068062186
100011073301031
100011074867488
100011087315640
100011091944962
100011102194144
100011126711200
100011131817947
100011142645417
100011186467134
100011193122152
100011203412683
100011204867474
100011205639120
100011209773003
100011214134104
100011229030854
100011232427944
100011233471880
100011244723135
100011249498240
100011254397883
100011280132352
100011285253959
100011312208116
100011321914166
100011328499218
100011342936039
100011348140199
100011359064965
100011367615796
100011368696102
100011369253230
100011370236474
100011372614638
100011376975490
100011379509530
100011385527806
100011385763992
100011388368250
100011402907450
100011408654591
100011439195362
100011446869932
100011448320213
100011452050179
100011452162582
100011475401279
100011482848453
100011483780272
100011485983866
100011492265694
100011501737140
100011505345170
100011509780904
100011509920708
100011518084577
100011519377526
100011523482496
100011536546313
100011546536721
100011551742928
100011552562405
100011558229674
100011567769150
100011578500833
100011580960622
100011603297200
100011633648247
100011641443656
100011657144908
100011671773221
100011675925131
100011678510063
100011690646381
100011698157837
100011705334696
100011710293241
100011712705501
100011722276073
100011734436569
100011745103219
100011745935476
100011756377862
100011756973071
100011764901515
100011769832707
100011778905548
100011790283942
100011804413935
100011805314034
100011808129029
100011825953508
100011826186367
100011834854316
100011841847524
100011870182764
100011870605159
100011870911970
100011876348910
100011937696729
100011947337460
100011951107167
100011954745151
100011987896559
100012002229118
100012010980178
100012021795969
100012054884322
100012093096372
100012127158674
100012142447138
100012153271519
100012171217116
100012176193709
100012185507736
100012199061311
100012223862112
100012227985626
100012263466612
100012286236024
100012286411962
100012288818956
100012290023755
100012323796928
100012331181800
100012332737780
100012345885186
100012349178734
100012353358769
100012374521875
100012379119255
100012384162735
100012386501215
100012390551345
100012398413617
100012401020099
100012436997698
100012440023804
100012446493998
100012454752566
100012462673107
100012474184766
100012490968725
100012502458589
100012517660888
100012548313196
100012575020088
100012593102642
100012635717193
100012655832524
100012678780357
100012702649198
100012745000694
100012759937845
100012768122051
100012770256262
100012775396808
100012783734210
100012790985947
100012795991525
100012807310524
100012813636022
100012825138561
100012829681155
100012834433694
100012857596441
100012902953695
100012959447113
100012987342693
100013064478161
100013078666528
100013082703228
100013089690994
100013105174924
100013133436339
100013163886739
100013170434853
100013178082655
100013193911437
100013212585161
100013228112567
100013264990096
100013267411323
100013272647753
100013273962535
100013280582173
100013316910721
100013329168171
100013335618212
100013340080045
100013342626445
100013343659098
100013352555732
100013358610169
100013363333529
100013370232572
100013384901654
100013404154339
100013421550659
100013425019177
100013440847484
100013466656014
100013511496158
100013523583237
100013546261690
100013550941811
100013554245445
100013564067131
100013572225977
100013599247930
100013612329320
100013620480276
100013631288273
100013632517804
100013642992935
100013670478999
100013673898966
100013678455633
100013686457370
100013700469341
100013712386147
100013723232049
100013748742782
100013765156150
100013777723956
100013796564217
100013809030243
100013823451342
100013825928989
100013833190226
100013845680484
100013874234025
100013885938124
100013904444763
100013921724992
100013935727699
100013943168347
100013956189188
100013958975861
100013976716268
100013979259918
100013979524054
100013989977458
100014019697811
100014053628287
100014073073204
100014078324108
100014080275093
100014086441855
100014095366939
100014111790415
100014120081267
100014133887449
100014160427810
100014162011469
100014162916061
100014179365669
100014179968090
100014180288859
100014225444992
100014235606122
100014243737424
100014278891500
100014305507459
100014368835288
100014393622071
100014398699319
100014406130204
100014439510173
100014465387373
100014467651802
100014495133126
100014503962515
100014522650164
100014547918037
100014567705422
100014581125039
100014596337880
100014600025318
100014600977368
100014602122493
100014603408073
100014609282839
100014649285326
100014652782844
100014670243083
100014672052754
100014688700032
100014699177728
100014707810284
100014708168978
100014722150708
100014748156447
100014752922615
100014758009294
100014802762124
100014818292024
100014830806866
100014849733264
100014883104209
100014889586889
100014934547711
100014959537009
100014986269978
100014990972087
100014995806156
100015006155343
100015017673767
100015022772609
100015024422355
100015037751364
100015050045124
100015054420149
100015079060084
100015079547032
100015081698976
100015094665903
100015107629015
100015127507757
100015140315242
100015145483734
100015160901151
100015162378375
100015195062249
100015196452363
100015198219130
100015200537571
100015205159314
100015210224515
100015210853699
100015224235129
100015251407403
100015268415355
100015268938683
100015301154449
100015305384607
100015310651748
100015311986805
100015312405709
100015317075018
100015321120999
100015365885000
100015379779639
100015430634195
100015433326930
100015438068727
100015461172049
100015466218871
100015480551287
100015500379970
100015525098682
100015527191642
100015532669287
100015539264341
100015573455506
100015574502271
100015574906498
100015575713983
100015578956309
100015581264794
100015592356573
100015627586184
100015638764516
100015646936198
100015648614650
100015655841551
100015669974003
100015674717203
100015682333994
100015685879413
100015690796118
100015692135834
100015704857515
100015705312211
100015708108766
100015715025477
100015722046911
100015735332275
100015736577143
100015771909828
100015780340989
100015795675978
100015819400599
100015877923647
100015880033594
100015896143730
100015903632938
100015961538315
100015976111085
100016001805907
100016014782070
100016020484503
100016070280097
100016071016430
100016081056789
100016101404659
100016118383143
100016232807702
100016326348600
100016339560765
100016349464228
100016364620474
100016370265297
100016379563082
100016548912100
100016552267401
100016558308807
100016561995048
100016568403220
100016582810138
100016586046122
100016588511518
100016608188871
100016615126915
100016622116924
100016664431093
100016683510166
100016706381398
100016751012692
100016768302793
100016770370933
100016831896338
100016852620265
100016872008381
100016873216974
100016947196633
100016959847773
100016970596112
100017047180534
100017058073047
100017058364953
100017129610170
100017345295884
100017389504026
100017404785303
100017431543713
100017852822917
100017874101292
100017888974238
100018128220952
100018151204228
100018163502326
100018189278582
100018700694019
100922573708142
131835290337695
134093053437580
146006612153393
156821591052998
172134942808868
246949828804501
269525700111042
275251352873010
284541648410975
316588251816363
319520025062425
326797080731527
348554592200148
352463584865755
361279080706505
388508957885089
434302906697732
455926371257647
459462981067834
480333595460196
514528205297294
536180826479929
583915861775699
608088252568489
627051097483092
670136023007099
676992712433876
732951983523149
810462375661741
811132872342782
855718507786918
892217807481858
992441084149213
1093284734082407
1439450619648672
1439668462957308
1443101365722797
1483140015329831
1569836343046961
1588646741450564
1607168209601720
1807361406202490
1852975588255034
1873743865984884
1893645747578261
