572963701
696319916
721941953
754802331
1236853770
1256233552
1650154125
1793899521
1796703776
1819456180
1840798851
1842593592
100000032012145
100000060591594
100000094905975
100000101148305
100000106564483
100000124919062
100000125681684
100000126202000
100000138198330
100000150076922
100000169068741
100000171325783
100000172570966
100000173439750
100000187447448
100000189575235
100000202048310
100000208371720
100000208419363
100000247990089
100000254394103
100000275153041
100000379286317
100000380758209
100000402844268
100000437318902
100000468701974
100000478058321
100000486631974
100000491591854
100000516860658
100000534611287
100000553833438
100000967011848
100000970831393
100001098334273
100001155156204
100001262357562
100001401992218
100001402526438
100001411859122
100001453167944
100001539825300
100001540154271
100001547005968
100001550434058
100001555141441
100001589659744
100001681684640
100001716832972
100001720483584
100001726493832
100001759099107
100001806099344
100001850188655
100001885397998
100001892941950
100001934916713
100002065783260
100002245411602
100002350249448
100002376774188
100002467624137
100002742743011
100002743492511
100002798636172
100002816232574
100002818936492
100002824917707
100002919190340
100002954215694
100002970005961
100002986514255
100003002496451
100003021693779
100003054287854
100003057627570
100003106203546
100003107310039
100003127401623
100003188258166
100003189243052
100003218117153
100003220780661
100003229911238
100003262335687
100003278622199
100003279326776
100003284006793
100003309853188
100003328992119
100003557001242
100003560235493
100003591885984
100003683753488
100003687780074
100003704835741
100003734094240
100003750830228
100003769442435
100003776646165
100003812356242
100003875283858
100003882050133
100003893029158
100003907437687
100003916821065
100003928391083
100003928917572
100003939501011
100003943815154
100003962885560
100003979708398
100003981545927
100003990225231
100004002999607
100004008830325
100004026652587
100004071705055
100004091982857
100004095311556
100004096293630
100004107848783
100004131580697
100004181166864
100004183598708
100004184559693
100004194637027
100004209185066
100004233492602
100004250058739
100004250593289
100004263930727
100004276061870
100004278660221
100004290850348
100004329515269
100004330786864
100004334587828
100004357502914
100004390093642
100004411507509
100004439405179
100004455541823
100004457621318
100004509793031
100004518373352
100004524780092
100004595731148
100004632784775
100004639657947
100004644421845
100004676140015
100004697377329
100004697534053
100004724237668
100004747393621
100004774306693
100004805441270
100004806187170
100004995378700
100004996593341
100004998642865
100005009410482
100005052428221
100005068024526
100005121032952
100005208335273
100005259734570
100005296985205
100005307103307
100005313031162
100005329028592
100005361674287
100005394937475
100005409610413
100005411703102
100005451166925
100005459914885
100005483021629
100005605323946
100005675413563
100005679848729
100005709035347
100005744444690
100005788094597
100005793970705
100005794606202
100005803001676
100005945231617
100005978492711
100006015014283
100006034774096
100006037144373
100006041312854
100006228424378
100006263823377
100006280848731
100006282880712
100006364965506
100006433518615
100006473527034
100006534497896
100006543962923
100006630968772
100006642456056
100006685844428
100006718266902
100006808351847
100006827022722
100006831824561
100006865215243
100006872554430
100006933668869
100007123367420
100007216663149
100007245160889
100007259772789
100007312631368
100007330477427
100007342064853
100007435399173
100007461618793
100007490596378
100007513753088
100007590122746
100007716282986
100007729786470
100007826742073
100007876355002
100007888155991
100007946437285
100007978891638
100008092218130
100008103588168
100008183492810
100008296025473
100008493575773
100008580933664
100008670346324
100008676813388
100008836862588
100009041688796
100009049619900
100009147627148
100009170100747
100009197391673
100009214034170
100009304905088
100009309122099
100009325474884
100009327842791
100009354908441
100009613718427
100009642872698
100009670754014
100009709062344
100009805270990
100009829929464
100009859744659
100009862981722
100009915768524
100009928601118
100009980946344
100010009428624
100010012566265
100010083691414
100010144922669
100010179702540
100010204292014
100010215691411
100010296940709
100010406082503
100010416166535
100010429786704
100010471410204
100010487773622
100010533187019
100010536965012
100010764582105
100010797227291
100010877610298
100010882726304
100010930800303
100010933484749
100010997105660
100011009955360
100011080510184
100011098440153
100011108530318
100011228075692
100011446035002
100011537658870
100011554897551
100011555163693
100011617221164
100011626218545
100011636796051
100011782327918
100011786283119
100011790435772
100011806503342
100011896933269
100011964348055
100012126649665
100012209194931
100012260164781
100012285014386
100012316995718
100012338280876
100012349445584
100012359401018
100012361597661
100012433568167
100012446073355
100012498904437
100012501541834
100012535836695
100012603151441
100012619002115
100012781740234
100012805930193
100012820960051
100012969966087
100012971433104
100012989130688
100012998044603
100013038948995
100013050068730
100013063901402
100013082147840
100013099501182
100013121802127
100013177655618
100013182876176
100013208586257
100013289192002
100013361821663
100013383901590
100013458671254
100013493177146
100013558144192
100013576208310
100013583556273
100013610231711
100013655415105
100013686699950
100013829316592
100013834298490
100013842076929
100013865830033
100013867509238
100013872935733
100013913260826
100013961894983
100013963561304
100014029351256
100014032782558
100014041903317
100014048532419
100014048581711
100014159921329
100014203995388
100014275039152
100014297260913
100014450865708
100014613761301
100014626868214
100014631665810
100014661935067
100014733196808
100014735114050
100014800301504
100014801340461
100014870029357
100014955079303
100014957766983
100014979040590
100015080973271
100015112230581
100015117763914
100015140592002
100015201462329
100015213636701
100015216574774
100015225040155
100015259022834
100015278700502
100015320914503
100015378009721
100015422747891
100015434470190
100015450258878
100015490717939
100015528607925
100015571301699
100015573703623
100015591274944
100015598507374
100015646995792
100015683553411
100015776643817
100015798125135
100015818738646
100015849271625
100015908409823
100015967661034
100016407257930
100016477332640
100016513149243
100016525832976
100016533364626
100016610347949
100016663687302
100016688749366
100016742406487
100016777624742
100016819240781
100016851816472
100016891488764
100016910834420
100016914406758
100016960848435
100016992095157
100017001664069
100017015773215
100017017368428
100017035710093
100017134500610
100017150320510
100017205243856
100017227898482
100017254023585
100017270916377
100017286317523
100017296188643
100017316186830
100017320274520
100017335441311
100017361061118
100017366854583
100017418554266
100017447263453
100017457672577
100017468796221
100017491215268
100017494092419
100017508858364
100017513926380
100017539488611
100017570716105
100017571075951
100017583857399
100017615468813
100017625398683
100017659052970
100017676190488
100017689955194
100017693769304
100017700256286
100017703304796
100017704720453
100017712015378
100017736157059
100017750087095
100017765628500
100017807864711
100017814003514
100017824758216
100017855644426
100017857561148
100017880277164
100017893175491
100017896356345
100017905815528
100017911805459
100017937696661
100017953834806
100017956155457
100017971383798
100017972651276
100017993474663
100018018795259
100018019180470
100018087035512
100018098111955
100018108274028
100018145487942
100018149730213
100018235171916
100018245628061
100018299283964
100018312632834
100018333219930
100018360819519
100018394053114
100018413161679
100018417395476
100018480786253
100018523717699
100018531842872
100018567524024
100018606154746
100018607367667
100018686352781
100018708343167
100018750106226
100018761320975
100018769516609
100018770806900
100018883066623
100018893622711
100018897012365
100018902707229
100018971856317
100019033054564
100019040705113
100019060478780
100019067145492
100019110423235
100019111837652
100019150092590
100019193136675
100019227001152
100019242397156
100019243840547
100019246548379
100019307088410
100019315548723
100019363174231
100019371344145
100019382018369
100019394025560
100019402302040
100019411055390
100019445794648
100019464427711
100019491010131
100019494072185
100019541615846
100019569814487
100019690689350
100019734609161
100019803784493
100019855449212
100019869902071
100019902308202
100019907475637
100019947782299
100019964052067
100019965042342
100020006940239
100020008600094
100020030371274
100020044233545
100020134185598
100020206238280
100020207358461
100020210682844
100020232394555
100020254849136
100020300657649
100020317536332
100020377773448
100020392413213
100020444611342
100020467415440
100020543974230
100020546410593
100020564898087
100020643975029
100020649061423
100020664789730
100020677098150
100020706261421
100020745576584
100020749023301
100020798765118
100020801136337
100020813796234
100020844826596
100020875386408
100020907759415
100021095919632
100021104284977
100021144963367
100021160544245
100021179538143
100021203204258
100021205892683
100021209791753
100021268721305
100021272400508
100021364973419
100021372613706
100021382941105
100021399651462
100021402682816
100021423712530
100021437446012
100021443208767
100021445612340
100021468973149
100021469632132
100021479662638
100021483098417
100021487403779
100021493308385
100021501004465
100021534320672
100021539400203
100021544753381
100021546186468
100021561600742
100021568486992
100021576780286
100021580510347
100021583393242
100021594821363
100021595070423
100021605163879
100021616537287
100021623471565
100021625579109
100021628956910
100021641084929
100021670277155
100021697992820
100021703389193
100021704177940
100021718591784
100021729730361
100021742450673
100021743781424
100021744732871
100021762362015
100021767142107
100021789858028
100021793486140
100021798756536
100021803701697
100021807648647
100021816005332
100021849977345
100021873365953
100021881202278
100021906497557
100021942706417
100021957166859
100021965088720
100022011757202
100022024531430
100022077588320
100022082454167
100022087726487
100022090450878
100022108252760
100022112267805
100022169830294
100022215034614
100022238223509
100022242277001
100022289560812
100022312261674
100022418626169
100022476368285
100022546274838
100022675834441
100022788048687
100022807387295
100023312253252
100023406870091
61306471
193109126
505298444
519132116
527187281
541634826
542790258
563339822
570245107
571900877
572774365
585683774
587218164
597242430
605782858
619209538
622499431
623675460
632943822
656574911
664685572
665566205
669283499
678544587
680372490
681881154
683154163
685699149
692737265
703169722
703558238
706717749
711136819
717501923
722276363
722892979
724699549
724819641
730919759
738039115
743753117
744058696
756062445
769448282
777411456
779275771
800275590
806267179
810760749
828870318
1002687718
1010576787
1015695954
1027642643
1032932015
1033981098
1034886086
1035965539
1042931953
1045854672
1047019699
1056836213
1075332028
1087333950
1099076599
1109000478
1125590565
1134398235
1136616171
1180957603
1194758555
1219972534
1223665166
1224328297
1231902874
1236562190
1237142331
1242047269
1244295131
1244970547
1250335234
1253562331
1255550199
1257266008
1265261184
1266669755
1290349204
1298267133
1310884330
1311195285
1316664158
1316937967
1318517013
1321473482
1334272764
1351788657
1354582192
1358110216
1360456909
1363354744
1379273237
1388911378
1395145321
1395641847
1419192614
1423095162
1424211077
1436397951
1441145520
1449775669
1466575901
1468553586
1475091501
1484585785
1490221226
1498301576
1499600595
1502913156
1509266989
1521291256
1562857933
1565738407
1568122786
1569084356
1582675212
1589964187
1592760967
1598064527
1613754662
1620203657
1624508049
1643568679
1658030935
1660141093
1666451806
1666968991
1668145819
1668764651
1673991820
1680171944
1680369400
1681591527
1684996883
1695157697
1716817441
1719651538
1726987233
1732671303
1733346322
1735393111
1736543454
1738822350
1739330713
1741085119
1743532932
1752109599
1758147123
1773718170
1780195227
1782238177
1785271985
1787550453
1788976501
1809311557
1810029171
1811112307
1813789674
1813806541
1815800852
1815942333
1818352985
1819489494
1824637596
1825615116
1829982437
1830646741
1832672298
1836559522
1837725387
1839331878
1840106808
1840569008
1841570829
1842141522
1844518696
1845255460
1850455209
100000000447268
100000006811341
100000024145174
100000026974991
100000027493074
100000030235217
100000030978055
100000031931714
100000035599654
100000035603924
100000038726437
100000040121485
100000040652670
100000042422965
100000051568406
100000057045593
100000057722224
100000057791639
100000057958367
100000060797137
100000060822362
100000061341125
100000062059703
100000063137998
100000064264905
100000065508751
100000066249299
100000069386666
100000076823349
100000078530859
100000081045065
100000081297370
100000086020622
100000087795653
100000088433692
100000090691178
100000092925698
100000094068816
100000095291855
100000097614158
100000099307086
100000100980411
100000103285305
100000106452569
100000106612405
100000106864484
100000108016641
100000109183814
100000110528862
100000110764298
100000111068858
100000111086827
100000111202706
100000113774313
100000115416017
100000117272238
100000119251650
100000122335737
100000124155205
100000126975467
100000127447430
100000127772295
100000130051094
100000131760379
100000132288551
100000134689455
100000136461633
100000136639937
100000136965892
100000137385520
100000138087125
100000138376820
100000139610726
100000139910221
100000140662564
100000142698450
100000142761372
100000142875529
100000143317099
100000144464011
100000146832532
100000147072988
100000150349199
100000150760604
100000152539828
100000156011391
100000158070946
100000159820338
100000161522948
100000163318158
100000163810510
100000164902462
100000165729799
100000166180922
100000170398107
100000171540654
100000171670423
100000172338478
100000172735791
100000173054093
100000175265104
100000177023312
100000178044117
100000178516585
100000179668162
100000180671469
100000184376462
100000184483009
100000189388282
100000189860389
100000190796598
100000191045008
100000191117119
100000191119051
100000191918260
100000192650553
100000195825288
100000196963037
100000197060412
100000197080679
100000198232688
100000198999995
100000200388667
100000202691246
100000203887295
100000204413423
100000207231827
100000207296163
100000208112927
100000210297024
100000210758004
100000211463031
100000214127023
100000214286253
100000215200611
100000216058594
100000216274445
100000220555652
100000222234577
100000224690506
100000227835569
100000228928667
100000229008895
100000229061046
100000229883088
100000230691273
100000233540015
100000233717444
100000237255556
100000237831212
100000238176867
100000238540918
100000239273357
100000240758118
100000240786928
100000242270990
100000244878356
100000246914013
100000248038375
100000249175431
100000249502190
100000249513764
100000251727418
100000253116910
100000253758853
100000254185982
100000255501184
100000261232176
100000262127367
100000263108668
100000264131785
100000264154869
100000269241263
100000272495176
100000273420056
100000274775037
100000275760548
100000277218579
100000278147334
100000281321762
100000281733914
100000282552721
100000282974096
100000284859883
100000285906704
100000287027163
100000290721436
100000290733283
100000291240577
100000291536489
100000292116631
100000292898662
100000296890161
100000299863450
100000304006812
100000304112616
100000305436626
100000306255872
100000307996963
100000312490275
100000315070751
100000320700842
100000321290166
100000325780230
100000326037175
100000326150479
100000328113380
100000336182243
100000339726751
100000342491295
100000342561837
100000352795911
100000353718287
100000354153241
100000355606144
100000358860561
100000360443618
100000360507770
100000360698751
100000363466809
100000364064600
100000370878349
100000376359836
100000376718155
100000383074943
100000385068524
100000390094795
100000390900957
100000395844211
100000396390785
100000396889093
100000398190903
100000398805625
100000400697015
100000402068982
100000402506697
100000403532688
100000407232632
100000407835869
100000411935279
100000415185703
100000420632347
100000423278250
100000428494182
100000430264601
100000430485470
100000439448260
100000440746397
100000444281425
100000444308127
100000445300087
100000445622865
100000457531372
100000458165892
100000459225539
100000462122119
100000467041217
100000476297110
100000482743416
100000486092306
100000486518391
100000486636851
100000488690601
100000489223826
100000493195054
100000493686285
100000502510955
100000512509782
100000514895801
100000515980784
100000523624332
100000524865622
100000529215322
100000534504422
100000535867330
100000536075602
100000541775755
100000542177067
100000542597576
100000543187619
100000544310022
100000545000481
100000545467367
100000552734549
100000552960602
100000571560037
100000573910614
100000586242693
100000592352398
100000594732448
100000599052954
100000601514596
100000604026143
100000608730339
100000610022944
100000623253765
100000623559397
100000645039154
100000648519807
100000650434161
100000651484991
100000655428180
100000656831849
100000659568894
100000660296491
100000663978780
100000666301987
100000666609236
100000668979220
100000669322056
100000673876156
100000674343283
100000675985376
100000684005041
100000686732481
100000690428976
100000707163711
100000707256744
100000708062825
100000758956320
100000766247964
100000774029253
100000779034158
100000782362189
100000806955254
100000825217414
100000825914430
100000829498690
100000830470493
100000832302139
100000843538695
100000843819604
100000853987284
100000854056712
100000859966027
100000860117247
100000865721655
100000868597006
100000869702532
100000871773272
100000891388404
100000902559725
100000905762662
100000910906001
100000928182039
100000945804908
100000962744317
100000972673734
100000975538235
100000978656543
100000989767950
100000998116748
100001007822399
100001012355189
100001042066173
100001043838759
100001049826050
100001051194598
100001057105971
100001065088875
100001069145777
100001071208427
100001073983307
100001076781340
100001079565550
100001092867635
100001096830461
100001097645675
100001098678017
100001101710871
100001105857596
100001107507010
100001108167892
100001112383875
100001116465634
100001122440162
100001128490264
100001129780089
100001138728408
100001141275417
100001145562312
100001151650350
100001152350087
100001158785605
100001158788731
100001158856271
100001178728490
100001203176892
100001204748503
100001213745947
100001215681200
100001229043050
100001232052900
100001241573348
100001245028023
100001246348326
100001254709466
100001260204636
100001266696229
100001269775822
100001272994022
100001278242400
100001283987409
100001294265482
100001299500165
100001304516840
100001315668147
100001317199407
100001333869524
100001340336192
100001343858651
100001345567965
100001345891605
100001353562592
100001356786375
100001360665060
100001362371397
100001378655516
100001380401018
100001382060448
100001386021507
100001388436848
100001389284366
100001390916037
100001398827664
100001400517531
100001406466184
100001409333586
100001410111244
100001411315194
100001415883043
100001420460138
100001426414239
100001438329902
100001443962965
100001456070510
100001457574213
100001465543356
100001473312194
100001475302652
100001477855258
100001483323959
100001488496637
100001495837817
100001500369367
100001501156577
100001520809320
100001523107206
100001529777967
100001530290407
100001547206607
100001549453370
100001551113376
100001551763482
100001553280171
100001553890907
100001558717360
100001561802025
100001564645087
100001569573670
100001576946010
100001578998221
100001580354906
100001583614113
100001588693539
100001590994972
100001595550298
100001595902145
100001602627943
100001605371481
100001608656649
100001609113249
100001609692424
100001613087665
100001613747372
100001616517157
100001616762492
100001619670056
100001622283107
100001626417540
100001630183177
100001634165994
100001653143457
100001653890757
100001654388921
100001660831116
100001664291644
100001665647175
100001669587090
100001671995097
100001676614299
100001680263848
100001682844548
100001684071417
100001686572011
100001695258366
100001697509563
100001703366427
100001704402976
100001707430179
100001710117821
100001713926210
100001714890504
100001715878726
100001718160428
100001722460025
100001722552508
100001723942764
100001724659727
100001728160751
100001731121855
100001733723967
100001738071169
100001738588923
100001745807523
100001752763356
100001754868357
100001764576948
100001771454167
100001774560699
100001776048831
100001781238815
100001782198052
100001783408715
100001787390902
100001789800707
100001791268205
100001792632379
100001793268134
100001793373630
100001799153664
100001806397173
100001806495366
100001807067096
100001809435136
100001813622397
100001818468497
100001821843159
100001824794994
100001826258290
100001829839200
100001830000571
100001832273859
100001832535319
100001833379728
100001839146488
100001840092586
100001840357234
100001843845659
100001846476673
100001847920385
100001851080998
100001857341525
100001863023558
100001863397467
100001865439176
100001866366783
100001868442191
100001872323223
100001875191544
100001876607782
100001878198910
100001881716090
100001882552891
100001882614545
100001882629121
100001883011458
100001883654320
100001903371957
100001904506490
100001904921527
100001907803255
100001910802907
100001911670030
100001911772556
100001912071593
100001914852840
100001915801200
100001920309070
100001930530930
100001968229644
100001968676721
100001986345570
100001997924853
100002023887054
100002043132889
100002045941120
100002064494852
100002072425904
100002076933144
100002078191755
100002085630320
100002087648170
100002092721988
100002093841447
100002137848301
100002141366677
100002161193024
100002164426455
100002170125970
100002172510179
100002173321161
100002176277655
100002214114096
100002215491734
100002219083318
100002229945458
100002230873941
100002239514941
100002241857949
100002253321392
100002255469804
100002256919845
100002277878020
100002282156153
100002303717222
100002306024388
100002316584411
100002316977621
100002319191778
100002319281054
100002321413624
100002340622015
100002344803736
100002356747134
100002359769249
100002362937076
100002379114937
100002381575231
100002388437962
100002400307216
100002410668600
100002424253264
100002428612630
100002435185074
100002438748375
100002454127197
100002455498170
100002458877631
100002469377533
100002478667315
100002480701130
100002484794761
100002488406806
100002497472887
100002504191892
100002509635665
100002523501762
100002525302613
100002545450344
100002545747051
100002548810320
100002550463261
100002557237909
100002563351027
100002569723416
100002572606786
100002581133307
100002581549736
100002582667213
100002591056551
100002592362663
100002593991081
100002599312523
100002602265624
100002604062857
100002607535421
100002611837870
100002612213624
100002617074318
100002617855822
100002620174296
100002621727806
100002629645434
100002638256234
100002644312469
100002652271695
100002669961927
100002674792203
100002679426764
100002682004379
100002682324356
100002684667274
100002697118913
100002700038794
100002702986367
100002705938169
100002706237448
100002710776240
100002711845473
100002719398212
100002734966148
100002742087461
100002746802036
100002746848899
100002752176727
100002763148863
100002763581329
100002766357624
100002768570498
100002769246149
100002770221984
100002771424995
100002771723376
100002779265858
100002781766601
100002782410125
100002784674384
100002785435970
100002786080214
100002796304627
100002798225000
100002798701750
100002800795596
100002803523940
100002805374462
100002813556536
100002813732549
100002813835117
100002814289945
100002817061711
100002817754941
100002818202974
100002822931754
100002829717275
100002831991549
100002833613640
100002836093562
100002842293027
100002844748656
100002850395348
100002854972968
100002858937659
100002867293583
100002868938740
100002874907350
100002878411032
100002878424855
100002882515317
100002886471657
100002893243316
100002895678894
100002901704705
100002901948313
100002904527326
100002906406717
100002911267615
100002912029254
100002913067990
100002917579351
100002920207901
100002920670520
100002924495792
100002924557815
100002926974171
100002929312643
100002930294707
100002931424385
100002935657865
100002935769246
100002936423416
100002937231717
100002938437865
100002941973889
100002943744290
100002943831270
100002947115366
100002949048107
100002949845357
100002950571505
100002952169891
100002952701369
100002954379036
100002959143816
100002967792876
100002969232041
100002970494173
100002971894040
100002974893807
100002978634247
100002981772202
100002983877396
100002985930006
100002986606854
100002989113596
100002989820099
100002991933196
100002993092067
100002996674578
100002997958011
100002998066625
100002998909752
100003001177205
100003002098611
100003003655450
100003003663060
100003006048097
100003006229500
100003006469423
100003006619883
100003012605931
100003014206716
100003027893687
100003028944175
100003032145297
100003032152254
100003033773650
100003034958819
100003037162016
100003037162559
100003039064941
100003041687024
100003042442209
100003045981586
100003048990845
100003052042034
100003054180809
100003058163771
100003058388077
100003062085247
100003063288606
100003064209992
100003065683542
100003071365483
100003074229173
100003075033679
100003077934604
100003078256077
100003080716143
100003080890638
100003083790409
100003084836117
100003085861275
100003087735910
100003088661191
100003088784047
100003088942488
100003089152531
100003089319234
100003091551764
100003091840669
100003093800781
100003094058806
100003097979847
100003100482162
100003101227961
100003110078808
100003110446950
100003110927225
100003113262156
100003114000286
100003115421933
100003116029379
100003116274781
100003120127258
100003121025342
100003122386167
100003125135474
100003126450917
100003127689061
100003128581578
100003130050533
100003130902353
100003132724637
100003133692916
100003135279755
100003139887049
100003139908045
100003140977869
100003143061682
100003143558394
100003144428223
100003144603627
100003145785147
100003149010927
100003149662887
100003149855305
100003152526999
100003152571266
100003153085724
100003153606230
100003153625543
100003158481830
100003158537286
100003158927314
100003158987217
100003160536874
100003161706147
100003162528577
100003163729912
100003165530302
100003166255354
100003167620148
100003168583407
100003168775925
100003169381975
100003171814477
100003172472024
100003174605491
100003178074408
100003181068634
100003184285544
100003190073026
100003192072868
100003193992553
100003205649038
100003206523036
100003206733377
100003209456090
100003212867914
100003212974415
100003215905483
100003216775187
100003220834433
100003221045730
100003221932284
100003224583860
100003227795982
100003229587263
100003229881011
100003231001044
100003235654511
100003235727966
100003240890895
100003241244855
100003241485921
100003243407466
100003244178785
100003251681211
100003252060842
100003252261476
100003253980632
100003254085849
100003254705878
100003256500286
100003256846959
100003258666714
100003261175160
100003261311269
100003262477993
100003262681573
100003263086662
100003265452570
100003268512846
100003269356943
100003269530051
100003271969150
100003273061126
100003273367264
100003273521433
100003273646226
100003274565000
100003275810037
100003276265364
100003276835511
100003278149592
100003279364914
100003284113167
100003285071653
100003285103726
100003285163124
100003285545798
100003286175395
100003287390023
100003288153897
100003288604402
100003290675352
100003290697570
100003292236942
100003293783745
100003295488013
100003297172281
100003297565213
100003307020989
100003308557538
100003309596013
100003310372602
100003317897181
100003319170970
100003322564888
100003324406533
100003331330696
100003333942605
100003334145131
100003342338510
100003351440654
100003351452574
100003351696635
100003361025063
100003369964842
100003382063169
100003401529656
100003473515440
100003477452278
100003481296646
100003482426767
100003482524660
100003493774429
100003499743578
100003506272365
100003506540462
100003513382652
100003519735307
100003530301676
100003534369033
100003535855407
100003539262788
100003541407579
100003550842104
100003558113232
100003561999916
100003577962955
100003587163846
100003591798209
100003603588581
100003603774630
100003607644577
100003607759301
100003611265305
100003618618684
100003619326017
100003620138004
100003629134146
100003638573140
100003640666776
100003640893353
100003645502476
100003654495158
100003656104999
100003659872398
100003661596951
100003663844945
100003666396645
100003667688469
100003669220879
100003670223049
100003673219236
100003673513990
100003675761826
100003677050851
100003678267268
100003679042337
100003683278178
100003684428728
100003685325184
100003686497970
100003687236733
100003688362227
100003692138506
100003695067530
100003695320175
100003698142143
100003698403084
100003698448414
100003699862601
100003700516612
100003702397293
100003703035060
100003703459056
100003703929415
100003704565662
100003706570453
100003707708553
100003709480245
100003714404719
100003720824890
100003721098535
100003721823587
100003723084524
100003724222296
100003724371621
100003724707519
100003724733495
100003725905882
100003731708048
100003734332927
100003735545098
100003736503079
100003737110624
100003738541611
100003739480375
100003741632235
100003742441753
100003746235545
100003747615630
100003747996805
100003749593603
100003750077408
100003750731769
100003751279919
100003755456336
100003760204039
100003764135366
100003764381991
100003765482535
100003765882336
100003766100764
100003766179288
100003768746898
100003771350455
100003773338691
100003773576023
100003778673383
100003780388257
100003780658389
100003781088724
100003787244268
100003791031796
100003791261207
100003791274726
100003791917042
100003793206907
100003794564711
100003795204563
100003795397613
100003800229072
100003800773260
100003801618859
100003802123880
100003802852729
100003803739178
100003805123055
100003805210347
100003805779136
100003806127909
100003807137035
100003810076684
100003810705088
100003811197448
100003811665595
100003812158626
100003812899105
100003814452832
100003814660922
100003817190043
100003817596681
100003819172116
100003824110761
100003824179049
100003827436023
100003828284856
100003829914838
100003831434877
100003836880389
100003837371007
100003840253821
100003842503693
100003852635463
100003854059144
100003857454340
100003862738626
100003862767778
100003864912637
100003864944464
100003866457634
100003870542361
100003871339122
100003872654260
100003872995079
100003873618312
100003874234170
100003875651701
100003879668885
100003880557207
100003882491349
100003882590341
100003883089347
100003883128197
100003885176783
100003888166315
100003888502966
100003892668363
100003893326135
100003894487600
100003894653245
100003894765146
100003898357479
100003899716593
100003900799702
100003902340484
100003904378418
100003904427099
100003905599166
100003905613463
100003909258400
100003909710366
100003909772367
100003916006842
100003918010817
100003919882142
100003924547643
100003929884412
100003930398606
100003938592232
100003939643708
100003941285495
100003941782466
100003949001579
100003952577892
100003952718509
100003955802555
100003959808883
100003960431313
100003961401245
100003962944965
100003965487607
100003966808200
100003967237254
100003967536813
100003970669817
100003974293238
100003974977418
100003976916643
100003979291929
100003981240930
100003981538097
100003981577330
100003981781068
100003983458450
100003985866875
100003986036227
100003992299877
100003993420857
100003995903661
100003996035627
100003997477616
100003998594300
100003999060828
100003999167963
100004001132314
100004001206925
100004001262121
100004002074235
100004004037500
100004004132580
100004004931501
100004005133756
100004005620245
100004007937522
100004008385745
100004008801335
100004008919125
100004011229152
100004011485310
100004011727941
100004018700699
100004020702575
100004021167080
100004021395531
100004021886539
100004023468040
100004025777287
100004027134070
100004030395731
100004030658457
100004031298172
100004031508324
100004032705822
100004033700387
100004033731596
100004034114483
100004035585473
100004036860357
100004037200457
100004039225859
100004039608800
100004039617207
100004039958908
100004040709049
100004040882817
100004041682948
100004044623837
100004044711596
100004046922953
100004047803341
100004047896655
100004049003710
100004051035563
100004051245024
100004053393533
100004054699128
100004055601607
100004058160920
100004058672926
100004059942546
100004060734850
100004062830579
100004065334453
100004068781653
100004068888863
100004070963798
100004071252927
100004071334775
100004074711567
100004075331499
100004078237979
100004078801605
100004080362009
100004081115964
100004087004137
100004088625569
100004088768689
100004091209134
100004091889078
100004093204570
100004093568903
100004097914499
100004098016621
100004098461753
100004098612889
100004101525599
100004102130422
100004104752302
100004104882378
100004106922736
100004107913713
100004108356871
100004110102721
100004110880785
100004117335959
100004120716142
100004122180049
100004123774281
100004123982766
100004125962256
100004126200487
100004128429234
100004129981018
100004130955987
100004135290699
100004135841134
100004137660249
100004141563388
100004141783499
100004142142824
100004144777035
100004151731791
100004153176738
100004155489747
100004156172867
100004156800211
100004160887629
100004165894435
100004166555429
100004167611074
100004174776987
100004176038534
100004176274032
100004176601027
100004179126746
100004179690355
100004180120385
100004180306812
100004181644149
100004183688499
100004185638222
100004186771814
100004189500219
100004190084712
100004191032594
100004197755972
100004199016546
100004199520082
100004199771938
100004200524587
100004201064645
100004205048008
100004205587250
100004206158701
100004206870948
100004207986652
100004209285112
100004210363540
100004212066504
100004216291761
100004216471116
100004217614539
100004220251916
100004224513327
100004226528739
100004226850411
100004228328985
100004229953655
100004230108134
100004230192536
100004231803062
100004233847204
100004233906029
100004234418984
100004236210148
100004236780203
100004238264645
100004240328552
100004241719423
100004242367654
100004244166674
100004247070136
100004250353188
100004250862115
100004252623103
100004254521641
100004254633996
100004257215732
100004257222706
100004257513902
100004258753254
100004260484969
100004261748797
100004264568760
100004266153030
100004267660320
100004268926299
100004273952956
100004274440608
100004281064847
100004282361620
100004286371780
100004286977704
100004288387994
100004288801850
100004289882297
100004293971483
100004294209644
100004296938588
100004298567109
100004300754798
100004303216499
100004304288092
100004304957114
100004305663180
100004306055318
100004306594952
100004311911199
100004312320169
100004315176121
100004315328681
100004316267259
100004316267298
100004316505038
100004317090478
100004317641170
100004318118708
100004321327580
100004326395989
100004329189202
100004329580011
100004330217922
100004332034114
100004332300279
100004333957857
100004338788362
100004339175686
100004343736533
100004345920356
100004348860394
100004351054406
100004351110028
100004351144889
100004351365402
100004351448682
100004352108688
100004352738805
100004360324601
100004362855158
100004363693772
100004364116230
100004365186885
100004365513095
100004365794430
100004367430888
100004368730220
100004374306166
100004374409222
100004377722953
100004379081546
100004389398559
100004393030585
100004393569457
100004393727978
100004396444874
100004400190590
100004401544039
100004401730916
100004401787514
100004408834105
100004409649767
100004412773571
100004414276690
100004420636221
100004420725472
100004422369625
100004425843473
100004426025900
100004428933984
100004432120525
100004435748133
100004435836203
100004436136090
100004437302714
100004437669990
100004438688829
100004438773418
100004439133000
100004440573978
100004440613410
100004443600839
100004447329304
100004447385023
100004448137045
100004448260354
100004450657146
100004451013439
100004451765688
100004452079125
100004454442186
100004454886772
100004459870741
100004461649049
100004463536474
100004463640250
100004464873463
100004466077389
100004466376234
100004467873959
100004468591362
100004473035527
100004473256545
100004473701098
100004474265086
100004475709774
100004479012623
100004481970356
100004482001370
100004482043213
100004482493417
100004482753742
100004483362440
100004483510798
100004486231181
100004489513526
100004491630199
100004492203352
100004492337426
100004492537086
100004495451490
100004496263154
100004496472050
100004496522416
100004497160173
100004500370490
100004504592676
100004505432512
100004506990718
100004507968888
100004510659213
100004513657584
100004515520723
100004516328960
100004518368959
100004518823298
100004519360288
100004526588917
100004533935129
100004535912233
100004536305041
100004539102344
100004539965066
100004543716990
100004544559312
100004553790783
100004556078793
100004556100349
100004556386301
100004556763323
100004558450093
100004562142757
100004565444428
100004565502220
100004569154177
100004571985148
100004572841563
100004573363624
100004575215071
100004576758189
100004578241179
100004580825204
100004585417292
100004586081231
100004587708347
100004589521061
100004592585533
100004598523706
100004599185374
100004599811550
100004600458187
100004600680588
100004601223806
100004602278176
100004603783419
100004609328216
100004612424448
100004613136332
100004615536239
100004619014301
100004620699380
100004623224046
100004629900771
100004631149263
100004631679855
100004632130425
100004636719236
100004637082749
100004639475938
100004641156196
100004643471927
100004644817413
100004646924483
100004647314747
100004648272030
100004648323336
100004649284728
100004651117643
100004651923319
100004652327565
100004652956965
100004656151064
100004659121835
100004659547302
100004659877460
100004662755565
100004666985399
100004669241426
100004670568539
100004671391695
100004683483035
100004690984771
100004692103448
100004692211918
100004696683910
100004698342252
100004698703018
100004699538504
100004702004560
100004704078940
100004704631672
100004710636142
100004712470075
100004713973040
100004714835315
100004720507332
100004721975113
100004723120039
100004724594544
100004725973797
100004726024399
100004726907624
100004737168872
100004739174085
100004743467838
100004745138238
100004747480854
100004747627167
100004749759846
100004751079577
100004754683302
100004756485870
100004758879905
100004761903531
100004768830072
100004779541748
100004781440917
100004785572669
100004785843391
100004786478705
100004786566794
100004790923579
100004792173442
100004792538218
100004793521644
100004793621113
100004793672007
100004795384578
100004799535805
100004799553688
100004801536156
100004801723041
100004820717272
100004824576290
100004824789627
100004826401403
100004827949316
100004831240934
100004831688619
100004832102685
100004833553012
100004836678022
100004837126980
100004839394809
100004839570625
100004840388650
100004844165278
100004844916668
100004848763070
100004849092901
100004859287891
100004859651331
100004861302906
100004862409083
100004865311676
100004873561174
100004878661382
100004882862900
100004882996507
100004884075911
100004884183868
100004885663751
100004891418225
100004892193072
100004892911802
100004893343784
100004896701544
100004896758398
100004896993327
100004899728631
100004905903259
100004915549173
100004915998383
100004918450330
100004919737825
100004924601250
100004930717132
100004931760213
100004933024128
100004933097476
100004934855572
100004935513614
100004937687879
100004938613538
100004941332665
100004942879240
100004947159538
100004949591333
100004950872909
100004951445354
100004951475276
100004951901534
100004952850789
100004959668963
100004961835116
100004965072778
100004967714544
100004968072675
100004973561211
100004974009820
100004976071975
100004981530873
100004986455181
100004986848204
100004987848049
100004990722890
100004990751946
100004991583528
100004996267405
100004996593325
100004997172115
100005000886883
100005004910260
100005005720305
100005006419174
100005008870598
100005011662508
100005014241712
100005017039387
100005017782838
100005018761668
100005019496644
100005021471705
100005025285671
100005025704080
100005028282253
100005031281981
100005032230425
100005032361433
100005036193935
100005036701124
100005043334427
100005043404268
100005044628683
100005055092134
100005055936602
100005056455807
100005059113875
100005063408443
100005074540853
100005084433912
100005089238285
100005089381485
100005089860141
100005090371106
100005093407858
100005096045608
100005101590549
100005103284446
100005104066486
100005104873108
100005105114425
100005106092650
100005106785048
100005107651287
100005114226467
100005114491892
100005116873174
100005119053314
100005120261461
100005121516006
100005124318610
100005131320176
100005132141603
100005134475050
100005135508219
100005145461576
100005153344462
100005158143971
100005158747110
100005159139949
100005160091340
100005170124845
100005180493792
100005185577709
100005188261225
100005189556335
100005194360535
100005199040096
100005203320758
100005205031741
100005229362241
100005229517828
100005229528198
100005231163762
100005232613779
100005234255979
100005240410041
100005240534715
100005252044021
100005253726177
100005253880696
100005254299044
100005258530385
100005261739007
100005264531732
100005265315010
100005265612640
100005268646916
100005274936427
100005278353887
100005286933151
100005290394345
100005294102662
100005294860070
100005299267528
100005300740582
100005300774834
100005301733697
100005303104421
100005303562500
100005305087178
100005305089289
100005305514315
100005308448806
100005309233907
100005309837471
100005310973446
100005311452240
100005312018171
100005316106934
100005316792605
100005316935025
100005318190540
100005320627026
100005325547334
100005326300224
100005328248799
100005329200953
100005330559188
100005332652784
100005335124190
100005336469026
100005339624591
100005341115978
100005341609222
100005342596948
100005348983588
100005355931336
100005357470000
100005357564241
100005360407586
100005362778948
100005366071797
100005367248049
100005367450794
100005367516011
100005369502974
100005369794099
100005372730844
100005374664792
100005374667292
100005375568282
100005379330092
100005379971021
100005380832415
100005382913587
100005383149421
100005387853800
100005391606244
100005391611587
100005400039527
100005401069415
100005407448581
100005407531420
100005407620872
100005407717906
100005409522876
100005409701114
100005411980310
100005416086079
100005417136807
100005418070081
100005421242376
100005425031460
100005427543089
100005429706922
100005430766553
100005432019647
100005435977125
100005436433600
100005436498766
100005440002968
100005441167254
100005444345415
100005448217827
100005451210818
100005451577950
100005457870080
100005459111876
100005461590357
100005461998146
100005464202453
100005465051964
100005465105460
100005465612202
100005466337200
100005467330192
100005467657134
100005467869342
100005471372644
100005473271319
100005475695945
100005475758368
100005477917079
100005477973529
100005478690759
100005482474205
100005483435333
100005486348894
100005487011769
100005487702138
100005487765190
100005489764190
100005493902059
100005498441089
100005500924624
100005502818050
100005503800930
100005509831528
100005510020099
100005520271709
100005520873334
100005521753301
100005523128287
100005526641685
100005532934599
100005535197790
100005544061227
100005544970243
100005551082339
100005551356007
100005555102397
100005560249176
100005560607311
100005569989927
100005570647186
100005571731133
100005572995280
100005574041035
100005574943232
100005575202366
100005579712161
100005581969043
100005582708834
100005583194069
100005591504781
100005598163840
100005601316825
100005603805135
100005604580828
100005604661046
100005605519093
100005609149403
100005616496360
100005623114930
100005624320143
100005626986506
100005627133731
100005628151813
100005630057387
100005630976336
100005631585515
100005633103773
100005642742259
100005646065406
100005650620725
100005650662310
100005651821417
100005658874352
100005665051312
100005667339865
100005668204673
100005669171838
100005669825357
100005671778758
100005677783256
100005680514074
100005684114954
100005686211491
100005688941553
100005695541852
100005696343191
100005696771237
100005700030505
100005703872349
100005704265405
100005704294077
100005708803531
100005709013798
100005710299526
100005715241416
100005718878064
100005719744110
100005722052613
100005723701832
100005725122727
100005725206597
100005727399390
100005728777789
100005731605288
100005733391861
100005733556607
100005736885556
100005739255037
100005742729735
100005743358120
100005744776111
100005746121482
100005755209141
100005757797752
100005760936035
100005763847175
100005766966488
100005768497845
100005773007645
100005773447397
100005777686309
100005781913935
100005790392399
100005793794461
100005802497940
100005805484118
100005806293470
100005808370430
100005809123586
100005810255460
100005812143932
100005812625143
100005818025531
100005820002167
100005827119862
100005827654763
100005828193372
100005829163207
100005830568630
100005832761247
100005833391131
100005843407092
100005845144963
100005845236626
100005846131373
100005849292509
100005852561293
100005855255233
100005858341097
100005861505728
100005861924378
100005862901921
100005867137114
100005867951593
100005874912471
100005875957792
100005876945136
100005879733332
100005884298210
100005885133669
100005889488135
100005891828617
100005891890447
100005893030742
100005894612106
100005896031418
100005896410657
100005899324529
100005904253294
100005904403691
100005905203229
100005905844262
100005915199511
100005915913994
100005920981897
100005925943389
100005930130802
100005941622565
100005946960775
100005947687072
100005949433981
100005950964367
100005951434574
100005951617477
100005953684930
100005955253984
100005956447554
100005964196936
100005968756163
100005970392067
100005981838622
100005984951725
100005985489059
100005997763098
100006005416829
100006010693042
100006013091033
100006014287040
100006016608904
100006018215496
100006019569827
100006019715161
100006023822062
100006024976155
100006026019735
100006026495358
100006028020416
100006028786447
100006032948302
100006033228642
100006044530058
100006046366702
100006047768808
100006048000473
100006049758821
100006050981060
100006062135887
100006062160233
100006067625029
100006068504343
100006069853161
100006073236740
100006075045269
100006078721958
100006079560938
100006084610527
100006087309454
100006087882474
100006088203221
100006088655446
100006091235545
100006095021487
100006095616023
100006097771714
100006102761294
100006109655231
100006112505212
100006115861155
100006116046821
100006116837860
100006117367907
100006117793886
100006122558049
100006126784451
100006129121595
100006138282191
100006139354587
100006145180995
100006146376583
100006146437320
100006148814517
100006156700897
100006157269834
100006162198699
100006168570520
100006172808630
100006174902388
100006175275133
100006176018688
100006179828033
100006184624718
100006190022493
100006195858714
100006196991955
100006199712871
100006212137510
100006213371232
100006219660743
100006223928943
100006230142182
100006234452673
100006237693118
100006241699375
100006245646619
100006246816081
100006251113299
100006255943258
100006259893223
100006264542921
100006268872839
100006269581968
100006273279873
100006280896867
100006281347712
100006282185403
100006285002577
100006286719220
100006289778010
100006295876986
100006296551431
100006298391096
100006303517330
100006303697153
100006303941588
100006304651101
100006306394886
100006307873666
100006314490448
100006314854555
100006323673781
100006326173314
100006327340913
100006329104036
100006329744621
100006333782042
100006336276050
100006341200066
100006343081913
100006345215058
100006346570041
100006349321851
100006350978694
100006351334679
100006353194033
100006355063137
100006357811041
100006358022501
100006361082732
100006361241601
100006367572170
100006370807139
100006376479342
100006378913762
100006381300865
100006383976764
100006384041942
100006386522587
100006386679313
100006388501404
100006389411019
100006390639270
100006392342464
100006393377197
100006394390803
100006396603805
100006397507823
100006402220517
100006403680007
100006407956082
100006408033426
100006408091396
100006408335055
100006409324439
100006409506365
100006414099413
100006416505815
100006418264316
100006421710806
100006422766703
100006422768643
100006422970127
100006424261860
100006424297639
100006425138377
100006425370772
100006425505421
100006427633945
100006428234371
100006430105164
100006431143202
100006432233304
100006434889335
100006437151813
100006437350869
100006439270729
100006439296194
100006440946809
100006443957852
100006445051331
100006445502755
100006448936017
100006451297931
100006451624929
100006453280788
100006455660295
100006456726220
100006458314586
100006458660875
100006466053578
100006466502293
100006469121054
100006472375672
100006472538019
100006473649793
100006474701090
100006478401662
100006479406809
100006480422345
100006480740186
100006483560440
100006483931834
100006484380273
100006492097479
100006492780210
100006493357929
100006493563342
100006494110719
100006500473479
100006500540021
100006501107949
100006502601523
100006504948617
100006505419304
100006505898001
100006507668221
100006508729539
100006509470052
100006511811750
100006512741241
100006513079259
100006515951553
100006516105236
100006517774309
100006523816904
100006524973289
100006525906826
100006528918686
100006531733149
100006531911063
100006532861816
100006534752950
100006538660510
100006542026439
100006542320704
100006543252297
100006544926783
100006545202425
100006545490979
100006549886531
100006551431825
100006555938704
100006556773992
100006558553786
100006558691110
100006561672933
100006562683416
100006567000967
100006567609412
100006568299864
100006574089140
100006580757754
100006583533907
100006596749032
100006604753178
100006606529377
100006608372275
100006609274389
100006610081481
100006614340434
100006619933814
100006620648143
100006625386537
100006626232227
100006627606839
100006627994372
100006631807283
100006636901101
100006639969079
100006640058458
100006641104569
100006641737553
100006642616976
100006646392349
100006650466578
100006651845517
100006653883493
100006655510562
100006655625565
100006660399895
100006661835050
100006665223252
100006669394038
100006676338445
100006679634321
100006681043761
100006681369924
100006683614585
100006685052160
100006685442358
100006686912074
100006689524493
100006689764789
100006696274497
100006696582265
100006704769201
100006705668285
100006708070541
100006709920793
100006710971814
100006711571880
100006711601730
100006714436476
100006715664450
100006717541536
100006718865907
100006720421742
100006720997176
100006725312201
100006726917478
100006727297254
100006727837872
100006729496098
100006734678586
100006736509205
100006743744920
100006760621508
100006760685930
100006760847132
100006761220183
100006764744038
100006767347901
100006767712769
100006770405014
100006770552014
100006773584687
100006778054717
100006779975811
100006780695962
100006781121211
100006796359792
100006804485243
100006806977835
100006807887179
100006815505350
100006815652401
100006816554035
100006819784276
100006821596349
100006821762468
100006826322298
100006830131587
100006835514239
100006835717565
100006836838697
100006837604851
100006839148057
100006840003623
100006843197525
100006851744556
100006851792173
100006856844848
100006862688222
100006865802768
100006871651302
100006876972389
100006877475922
100006880238277
100006888105013
100006890287642
100006906887296
100006923657038
100006926140741
100006932292499
100006933973192
100006939309775
100006939933528
100006940216138
100006945692968
100006957396733
100006960438641
100006962408860
100006963159698
100006967602718
100006972759442
100006978644308
100006980469321
100006982055469
100006984435570
100006986444731
100006990499259
100006993578298
100006993791419
100006994890674
100006998287858
100007001860446
100007005008203
100007014822900
100007020693140
100007031431623
100007040941079
100007042357474
100007043042412
100007046802732
100007047250200
100007055209064
100007057514542
100007059634156
100007062824634
100007063187666
100007069414029
100007070773927
100007072832675
100007076299369
100007077691886
100007077706816
100007079263787
100007082680489
100007086130203
100007089165076
100007090177412
100007091440161
100007098313519
100007099664303
100007099690156
100007107367395
100007111444495
100007116635159
100007119075827
100007123540011
100007124586957
100007131155950
100007133672810
100007135440874
100007141423666
100007143393213
100007153711792
100007156056644
100007156323661
100007158781423
100007161060942
100007164793044
100007166645922
100007172945335
100007175928876
100007176031245
100007182695936
100007186592206
100007191377865
100007192810462
100007198866547
100007199430734
100007205808647
100007208556462
100007211252067
100007218482246
100007222904801
100007223355349
100007223924304
100007228153318
100007231992858
100007241352393
100007244715028
100007249005262
100007250742229
100007251903445
100007254489545
100007266552885
100007269157630
100007278134171
100007281077525
100007292919507
100007301887840
100007308489068
100007311940508
100007327745001
100007328494709
100007331676637
100007332070960
100007334402307
100007338529489
100007347931160
100007351712722
100007360391204
100007363519402
100007366023662
100007368160370
100007368973941
100007370052636
100007375181298
100007375604199
100007376264887
100007382919579
100007385326593
100007404466138
100007415525609
100007427076785
100007428283303
100007428820209
100007432082573
100007432389706
100007444593790
100007448621757
100007449846197
100007453216267
100007453367216
100007462817192
100007476548883
100007478775081
100007482526103
100007487081674
100007496376987
100007499551076
100007503463837
100007510756194
100007522925164
100007523318687
100007524195969
100007524812953
100007524939069
100007526386406
100007531519287
100007532718426
100007554032805
100007558803517
100007568747481
100007572758810
100007577199158
100007606020026
100007613673372
100007618834553
100007619465397
100007626428542
100007629454651
100007631883377
100007634530827
100007634675600
100007644437078
100007647582059
100007648983069
100007653527448
100007655952738
100007664910622
100007674094772
100007677784934
100007690869011
100007698162169
100007698730101
100007702781607
100007702898041
100007712117453
100007712387368
100007718468471
100007722008783
100007727747044
100007734968574
100007735658150
100007738337308
100007740630543
100007744890861
100007749878519
100007749965361
100007751443295
100007751850793
100007751986456
100007754227951
100007755280114
100007755436057
100007757203644
100007759126321
100007762473193
100007764976715
100007766764925
100007771324777
100007771806584
100007773362992
100007773636517
100007773853100
100007787528319
100007789637943
100007804955134
100007813500125
100007815455601
100007817731668
100007826262643
100007830077477
100007830768712
100007832492391
100007836157455
100007837391564
100007840266219
100007840424600
100007840593978
100007843265853
100007844197465
100007847612923
100007853462318
100007854995894
100007856102739
100007862948251
100007867932547
100007867963331
100007868102562
100007869134285
100007871355887
100007872786408
100007874447930
100007878523967
100007880567050
100007881032478
100007882788914
100007884523639
100007884611009
100007886856001
100007894898392
100007895041104
100007895524877
100007897986135
100007901015899
100007902617995
100007906362710
100007911228325
100007911401978
100007915387007
100007917937148
100007918920601
100007921058660
100007926151226
100007934983031
100007937289029
100007947046418
100007947223004
100007948087174
100007950120562
100007950271229
100007953914275
100007957383405
100007959125718
100007960356739
100007964473722
100007964955221
100007967884613
100007969417108
100007973408980
100007975809758
100007976740385
100007976861406
100007988167542
100007988193619
100007994414054
100007998754710
100008002567471
100008003289285
100008004333552
100008004365670
100008015953669
100008018885857
100008020774947
100008024357922
100008028903574
100008030319173
100008032893395
100008043822242
100008047897370
100008048497287
100008052818786
100008053087447
100008053874724
100008059004820
100008067481661
100008070490434
100008077418999
100008077782927
100008078295043
100008080144121
100008080215409
100008084100006
100008084410522
100008091519724
100008096266566
100008097482685
100008097907008
100008100672617
100008100941415
100008102379195
100008106676480
100008110717590
100008114924595
100008120498332
100008122081938
100008122368428
100008125123940
100008125269612
100008127704571
100008131620403
100008133903878
100008136738959
100008152812082
100008154872002
100008161384777
100008161601563
100008179325530
100008180117619
100008180490413
100008181135337
100008183464177
100008183658870
100008190671635
100008193494200
100008193906603
100008198315698
100008200387035
100008200786239
100008203597788
100008208044214
100008208907326
100008215682342
100008219887805
100008228350718
100008228436308
100008228528883
100008230861956
100008231652360
100008233906933
100008235366645
100008239443259
100008240644103
100008241758592
100008246052621
100008249740437
100008253182944
100008253496924
100008260083697
100008260393285
100008261105200
100008262273084
100008262693443
100008266869868
100008278295420
100008278363221
100008278487238
100008280912293
100008283137533
100008283908508
100008285733187
100008288266262
100008289046815
100008298016133
100008302065959
100008302536524
100008302778986
100008306533751
100008314038093
100008317479089
100008318651321
100008320597841
100008321050890
100008325348514
100008332293008
100008337033370
100008339344220
100008342490509
100008343336066
100008344186985
100008351382273
100008355211688
100008355932942
100008361162635
100008367165794
100008370341151
100008370794516
100008374003778
100008374668151
100008378701286
100008379670948
100008381865619
100008383633094
100008385827527
100008390252524
100008391763682
100008399370392
100008406493142
100008412731393
100008419244940
100008427450999
100008428814239
100008430679105
100008430870567
100008431996982
100008432749000
100008433613662
100008446537079
100008454302047
100008460249287
100008460854443
100008463586629
100008472123856
100008473185633
100008473800029
100008477985909
100008481725390
100008483508103
100008489046655
100008492597832
100008497385664
100008498889220
100008500035987
100008500514550
100008501911652
100008502766119
100008503415951
100008509125821
100008509481254
100008515189247
100008516918691
100008518327167
100008527966793
100008536009461
100008541032885
100008547000694
100008547366555
100008576342399
100008579683347
100008580965074
100008585297772
100008587924337
100008589705855
100008590383848
100008591534530
100008592635723
100008604305575
100008617869344
100008619909752
100008622633743
100008626156163
100008628521150
100008633559546
100008645208945
100008658610386
100008672647238
100008675621260
100008680210508
100008699371073
100008700645358
100008701684541
100008707591234
100008707684036
100008709180107
100008711748915
100008713322296
100008713752171
100008717400546
100008723013596
100008723501460
100008740935331
100008752578343
100008757577761
100008765471234
100008768888759
100008770367332
100008775420713
100008775426157
100008777256574
100008785327067
100008794237784
100008794867441
100008799408421
100008799636925
100008801176200
100008804588734
100008805420020
100008811317072
100008816897376
100008820075097
100008828049990
100008832853291
100008838813083
100008860125496
100008862427515
100008863530867
100008867464346
100008872602930
100008882041802
100008883035188
100008892010444
100008892514916
100008902717041
100008907286279
100008912804158
100008915226808
100008915529817
100008919948489
100008922900386
100008926116510
100008930768059
100008931759806
100008935326051
100008960176101
100008973335853
100008973907022
100008974934861
100008987418003
100008991093805
100008991100894
100009008187922
100009013949746
100009016940221
100009018020236
100009021324615
100009026520150
100009027918838
100009033263516
100009039344568
100009039529172
100009039542315
100009045309974
100009045995998
100009051150405
100009051741008
100009052797460
100009055822755
100009068969201
100009071155062
100009072839300
100009073413768
100009077855094
100009080041825
100009082350600
100009092275309
100009093764493
100009099449937
100009101575874
100009102790807
100009103483802
100009106115601
100009107586792
100009108242171
100009113129501
100009116498712
100009117855646
100009119268111
100009123478099
100009124859297
100009126071524
100009129532758
100009129717445
100009130630113
100009131769671
100009137439164
100009138319956
100009143488153
100009147196006
100009149788700
100009154882040
100009155084192
100009162060267
100009170107511
100009186675905
100009187388098
100009187502808
100009189380167
100009199916497
100009200748617
100009202748168
100009205373405
100009210571803
100009210656626
100009214364265
100009214615969
100009215760728
100009216433061
100009220719974
100009223392675
100009223768923
100009224137605
100009224703751
100009225025495
100009225986426
100009226431411
100009232106038
100009232902516
100009235723249
100009238004958
100009243161772
100009243355763
100009244648355
100009247722432
100009247865874
100009251849328
100009252292813
100009253039943
100009254947660
100009261666941
100009262039971
100009263720737
100009265401793
100009266122982
100009267252132
100009268058267
100009268991562
100009271396749
100009271809420
100009271909601
100009280198896
100009280849404
100009281349719
100009281882396
100009281949368
100009283255017
100009284032111
100009287089934
100009288254733
100009288749090
100009289030933
100009290928715
100009291829274
100009294325702
100009295547887
100009295574655
100009300614244
100009301319266
100009304107145
100009308771018
100009310905296
100009311370267
100009311560408
100009314003665
100009314224703
100009316776915
100009320562855
100009324262042
100009325293621
100009325729203
100009326417760
100009326985471
100009328060924
100009329664990
100009331458026
100009334483472
100009335925295
100009336864045
100009338068305
100009338398194
100009338990048
100009340767618
100009341782444
100009342211639
100009342645128
100009348963318
100009350758570
100009353863946
100009356435714
100009357020205
100009357467660
100009360106257
100009363717587
100009364297521
100009364611723
100009366068818
100009366449512
100009372191177
100009372901697
100009375686763
100009377941788
100009379018060
100009379400618
100009379570761
100009380176027
100009380485597
100009380537010
100009381710650
100009384668258
100009386487141
100009388652409
100009390169475
100009395144664
100009397854370
100009398366165
100009403708882
100009407306247
100009409721373
100009411285516
100009413742129
100009422029490
100009426265329
100009429478234
100009430419982
100009438794289
100009441844749
100009443497393
100009444003958
100009445690600
100009450964967
100009456547998
100009457631612
100009463660935
100009463733920
100009468750636
100009470251006
100009471075112
100009473615746
100009474395242
100009480222987
100009481321629
100009483317183
100009487549316
100009489863004
100009496309595
100009498380582
100009498782431
100009500183629
100009500432001
100009500563685
100009501843547
100009503201728
100009503923588
100009505748955
100009505881211
100009510974407
100009511518933
100009515919915
100009517002963
100009521262031
100009521721202
100009522488318
100009523778074
100009526696005
100009527151488
100009531146020
100009531696885
100009532850976
100009534336093
100009537797217
100009538513175
100009540991313
100009542441847
100009543219236
100009545689858
100009548766090
100009550281173
100009551393226
100009553428608
100009554593071
100009554973839
100009555881638
100009561523555
100009566214021
100009571722870
100009581231247
100009581844369
100009582823288
100009586111947
100009587311188
100009587860242
100009595299813
100009605502382
100009605509492
100009607542147
100009611899933
100009613022504
100009615604186
100009619898715
100009623225999
100009624347421
100009630735204
100009633130428
100009633493734
100009638251373
100009638687989
100009647739347
100009649513030
100009660434382
100009670620152
100009675677985
100009677895362
100009681164389
100009684902461
100009696401153
100009697211858
100009697875098
100009699795239
100009701265780
100009703682797
100009708244124
100009708457885
100009711671330
100009711822455
100009712180334
100009712815623
100009731629084
100009732997666
100009733663847
100009738515356
100009739006342
100009739690979
100009751452077
100009755619205
100009757277314
100009769440395
100009769814097
100009771879556
100009772388168
100009772681359
100009773970800
100009778534303
100009779792472
100009784636069
100009787155497
100009793657100
100009798498980
100009802208073
100009803050304
100009813347104
100009816452689
100009817997351
100009821112719
100009823746036
100009824883927
100009826150181
100009829204259
100009829623797
100009831887692
100009840842127
100009841382792
100009841475911
100009843906299
100009854972600
100009859509609
100009861454238
100009862085882
100009870843929
100009871278678
100009879319481
100009886841763
100009891300446
100009893197491
100009895540044
100009909009561
100009909133563
100009914616958
100009915227713
100009922786059
100009933277095
100009934719613
100009935405707
100009936286751
100009938133078
100009948047918
100009948798498
100009954123194
100009959320034
100009961269165
100009961812216
100009963372040
100009965940287
100009970384072
100009972043078
100009973710918
100009973729009
100009981791585
100009983167456
100009983520664
100009986402381
100009987785835
100009988541091
100009988695564
100009989319484
100009990730330
100009991920640
100009993192042
100009994860454
100010002364626
100010002496256
100010003452825
100010010584979
100010012508663
100010016079233
100010017575142
100010020879629
100010020914618
100010023335876
100010029824104
100010034917447
100010035998374
100010044488695
100010052382964
100010057724925
100010061925507
100010061972378
100010064580632
100010068349944
100010069207499
100010073267949
100010074764891
100010079071218
100010080827923
100010091498224
100010096458636
100010099546305
100010102150867
100010105326791
100010109376105
100010115021625
100010115737822
100010116577479
100010121645896
100010127703229
100010127832103
100010128185857
100010128991819
100010132963769
100010133531670
100010133679027
100010136263017
100010138601657
100010139070883
100010139670574
100010145089375
100010146913035
100010147112460
100010149313378
100010151500871
100010151770086
100010160551521
100010166260647
100010169943369
100010173976883
100010174024634
100010176136707
100010176632635
100010181554742
100010189419553
100010189424443
100010192419724
100010195393164
100010197755123
100010198157450
100010199135464
100010199616676
100010199895407
100010201899622
100010205323154
100010205409303
100010208384737
100010208670573
100010209793447
100010218858708
100010223806022
100010225420126
100010226227882
100010227540252
100010230646424
100010233224240
100010234574264
100010236875995
100010238146343
100010241769137
100010245644009
100010247373771
100010247701861
100010248283036
100010250796589
100010253734225
100010255749969
100010256110208
100010256375696
100010260152281
100010260901620
100010264598176
100010268202254
100010269573457
100010276367284
100010283172935
100010287364968
100010288669544
100010289445924
100010290824510
100010293041184
100010296464641
100010297413593
100010303143658
100010307229774
100010313918457
100010318843628
100010320587804
100010327448942
100010330296706
100010331790890
100010335216723
100010335874867
100010335990295
100010337292166
100010339952964
100010339969060
100010345651322
100010351535808
100010351783933
100010352558049
100010352919584
100010353912259
100010355654601
100010357269791
100010363260159
100010366452681
100010370640323
100010373974648
100010381005474
100010383225181
100010383647589
100010384746504
100010392423556
100010400949261
100010405415725
100010405562672
100010405897354
100010406449302
100010406837385
100010410092162
100010410601359
100010410723905
100010417020042
100010424592681
100010424944498
100010431758133
100010433980021
100010438327998
100010438909342
100010442476974
100010442502745
100010444201969
100010446221464
100010448115282
100010449166961
100010454461044
100010455314628
100010457478061
100010459992048
100010460552302
100010461814301
100010466263705
100010468058121
100010471712144
100010473152878
100010474952869
100010475404815
100010475595356
100010477620694
100010480475243
100010482065939
100010482639654
100010483870473
100010486419831
100010501356420
100010504219027
100010504350275
100010504951198
100010510154836
100010511440833
100010517382970
100010518252896
100010520438175
100010525809979
100010526358310
100010526435960
100010526915347
100010528188389
100010528597994
100010528752543
100010529084577
100010533880124
100010535551773
100010540754780
100010543216602
100010545739105
100010547470384
100010553748303
100010553928439
100010554376381
100010555125773
100010560606933
100010564422789
100010567279311
100010569000240
100010569003970
100010573573713
100010585451140
100010589527400
100010590601062
100010592766137
100010593249686
100010598402278
100010602784345
100010605690914
100010605904959
100010609780680
100010611512674
100010615809385
100010617720481
100010620212255
100010621067003
100010624366743
100010625911518
100010627721623
100010632009408
100010634794245
100010636127746
100010637739637
100010640191508
100010645218669
100010651543404
100010658340866
100010664807376
100010666266855
100010667191863
100010670041740
100010670881791
100010673172122
100010680825173
100010681065514
100010700376352
100010700628454
100010701720497
100010707243373
100010708354133
100010710855964
100010712191712
100010712659374
100010714149315
100010715415501
100010716432607
100010716635966
100010724013860
100010726934127
100010727225112
100010727390365
100010736958411
100010738453847
100010740751231
100010742984604
100010746346645
100010755405460
100010756576821
100010759748235
100010761426875
100010761664084
100010761668900
100010769829172
100010773136655
100010775108137
100010778553349
100010785456217
100010788272727
100010789605036
100010791011556
100010791643565
100010798306060
100010798634326
100010800883714
100010803546344
100010806155451
100010808835553
100010812844216
100010814915777
100010820679299
100010824616648
100010855327851
100010855904652
100010858414928
100010869450056
100010871381340
100010871653093
100010872908571
100010879291758
100010880135148
100010884644303
100010885391530
100010886985684
100010891720605
100010892524423
100010895917583
100010899344889
100010905286200
100010910198983
100010914673448
100010925403153
100010925983742
100010931024075
100010934867572
100010936984042
100010941733564
100010944120229
100010945155994
100010955505326
100010960182529
100010960748809
100010966301179
100010977993020
100010987907670
100010995458789
100010996217687
100010997790851
100010999206907
100011006958087
100011007911123
100011008684935
100011018530764
100011018730054
100011021501498
100011022368243
100011032302571
100011037817143
100011040287013
100011044159224
100011046190004
100011048460335
100011050930964
100011050995834
100011056779943
100011062560339
100011067019050
100011074867488
100011077963067
100011078439241
100011081532380
100011087085275
100011088159506
100011090851228
100011091252381
100011091634708
100011092803463
100011112225369
100011123496037
100011123622413
100011125121586
100011126711200
100011132796015
100011142240865
100011147526793
100011163701448
100011170908895
100011173091097
100011174017083
100011184422867
100011186686039
100011206144772
100011217159959
100011223613337
100011255868402
100011257711777
100011262169089
100011263182866
100011268559517
100011281536891
100011287533649
100011292379283
100011313016652
100011313643618
100011323692724
100011323742309
100011323780729
100011327835037
100011329087101
100011332747305
100011333393880
100011334001282
100011336317777
100011345344713
100011345846585
100011354164812
100011354182366
100011358800353
100011363692527
100011367809278
100011370160176
100011372546984
100011374978122
100011377943151
100011378291707
100011386424994
100011386691107
100011397571835
100011401623339
100011412889204
100011414672511
100011417513941
100011420899892
100011422155853
100011423012495
100011424608637
100011427658594
100011435124151
100011437004684
100011438974919
100011440418610
100011440605956
100011442735937
100011444805009
100011451614312
100011455094296
100011457273333
100011464726558
100011468592453
100011475223348
100011475831323
100011481271559
100011483743615
100011492389613
100011499194527
100011504465977
100011507416138
100011517643109
100011520425150
100011529858419
100011530265469
100011533145355
100011534078843
100011534658202
100011536997767
100011540293424
100011554787458
100011565970815
100011568661666
100011571971707
100011574967974
100011581274843
100011582190264
100011584963726
100011591114764
100011591466578
100011593717671
100011596606183
100011598660812
100011602290563
100011606490947
100011608747153
100011609768977
100011610494871
100011614860906
100011619338263
100011619481660
100011622306490
100011622705535
100011631030789
100011633810158
100011650691068
100011652129127
100011660827713
100011661523313
100011661639771
100011667259388
100011670378230
100011671515638
100011672750188
100011677111653
100011677263733
100011679346205
100011683803081
100011696316161
100011696639437
100011700461584
100011703988170
100011709248616
100011712264069
100011714410237
100011718700302
100011724108693
100011726859869
100011735585949
100011741583567
100011750443234
100011760091163
100011769601634
100011771766220
100011772811152
100011774181989
100011782161483
100011787457716
100011788027146
100011792465942
100011799080198
100011805197272
100011820062451
100011834684107
100011842444768
100011863465201
100011864268593
100011865279727
100011875219919
100011906175392
100011949258088
100011964240339
100011973165280
100011986470529
100011987535404
100011988944747
100011989721855
100011995098692
100012025449977
100012025904979
100012026563413
100012029235113
100012029652724
100012048583141
100012051825807
100012052487390
100012053675621
100012054998860
100012057707362
100012063528822
100012065806179
100012066377573
100012070636735
100012072216974
100012073634673
100012078889196
100012081256610
100012086287180
100012086471064
100012105948628
100012106058288
100012110198495
100012111065351
100012115214118
100012116560230
100012124657212
100012125221077
100012137478540
100012146772884
100012160388919
100012169818331
100012193952003
100012204212455
100012208097203
100012209200962
100012209656129
100012211744289
100012228668055
100012237905191
100012249336685
100012255518389
100012264188232
100012278798048
100012283477737
100012284595301
100012285104473
100012290177346
100012313771144
100012315017626
100012317352938
100012317614514
100012323465960
100012328249059
100012330013001
100012335172435
100012345706125
100012353412354
100012353506670
100012359613979
100012363962587
100012371022237
100012382747533
100012417223835
100012434719159
100012437413356
100012446207676
100012450222041
100012453516599
100012458014760
100012460171102
100012461349633
100012462251240
100012472601646
100012483820038
100012500708245
100012511566149
100012519404191
100012544657657
100012561884154
100012573151818
100012630846450
100012638405321
100012639555546
100012657919530
100012659790063
100012660372692
100012684825929
100012687277348
100012687616054
100012690048257
100012708858147
100012721964012
100012746792566
100012751952948
100012759369902
100012765185484
100012772124187
100012786432934
100012790985947
100012801939535
100012808663171
100012817301537
100012820983443
100012832841688
100012852843040
100012864306752
100012865380358
100012866893538
100012880266219
100012910874534
100012930826095
100012931215653
100012931475545
100012938080490
100012941953455
100012956119090
100012961389505
100012965021011
100012971403548
100012983883340
100012995706597
100013001622423
100013003602072
100013004258025
100013008888730
100013014694543
100013019807368
100013023192095
100013029161353
100013033631055
100013034564885
100013035582504
100013037014839
100013038697109
100013045574496
100013048451380
100013053007339
100013060988918
100013064821897
100013079372614
100013086580081
100013090030772
100013113399378
100013115059055
100013115117143
100013133204740
100013134963331
100013135480853
100013138781002
100013162247516
100013163195896
100013172206360
100013174533839
100013181355238
100013194812304
100013196747673
100013217143013
100013223921315
100013234366511
100013235970465
100013243930385
100013249093166
100013249323428
100013255655079
100013260799424
100013293366023
100013304502670
100013305573816
100013305640023
100013306927292
100013325653590
100013326850300
100013332376954
100013333212507
100013336123443
100013336306486
100013349403622
100013354770903
100013357869234
100013365905754
100013374491351
100013378750284
100013387561583
100013399510321
100013403948265
100013418017266
100013418622687
100013430921343
100013435025775
100013450928549
100013452992693
100013464229369
100013471362268
100013471996351
100013477747956
100013477869685
100013479578768
100013491524780
100013501359114
100013523239535
100013528953103
100013550042068
100013555860902
100013556983910
100013559700620
100013565170084
100013582367695
100013591475296
100013591817607
100013610825333
100013624413882
100013627989295
100013633392158
100013637892319
100013638036619
100013638406384
100013639998249
100013656585695
100013658885774
100013663720250
100013663890972
100013665763241
100013678755144
100013681485453
100013682910293
100013687862279
100013691146983
100013696022455
100013699806484
100013703617993
100013704691838
100013710216465
100013710847095
100013712263030
100013715716298
100013719487398
100013729513189
100013760539067
100013765083997
100013803124024
100013804417629
100013829118386
100013831577794
100013841738992
100013842606719
100013848908780
100013849927748
100013851407052
100013858570728
100013861961274
100013863793282
100013870082602
100013883826357
100013888484649
100013897839675
100013921896028
100013923585623
100013925689011
100013935219128
100013939080254
100013952146891
100013962877284
100013965647149
100013970049603
100013987514872
100013994358510
100013996981196
100013998638640
100014014200374
100014018971272
100014027208896
100014054071752
100014056997667
100014059211358
100014063461833
100014063525373
100014081671904
100014086933559
100014100873731
100014105436203
100014113929345
100014118220469
100014129957676
100014156255818
100014163362093
100014168658572
100014170982025
100014177685061
100014181339988
100014184467492
100014188441595
100014211079451
100014212236281
100014214631655
100014216836322
100014222070124
100014223782578
100014234979421
100014242860464
100014265306908
100014282778712
100014287247634
100014288234177
100014293750667
100014302176993
100014304782572
100014304876541
100014307366501
100014324731593
100014341426373
100014346289442
100014346486404
100014349721716
100014361730138
100014386099249
100014392749796
100014395060372
100014404002999
100014410871209
100014413661110
100014423167924
100014435582193
100014457600548
100014474023384
100014474947879
100014477892616
100014483653474
100014484583459
100014503962515
100014517037355
100014517972502
100014520222508
100014536147657
100014542997753
100014555627033
100014557748226
100014557777384
100014560651798
100014563681433
100014564312583
100014564508264
100014573778775
100014581415742
100014590597394
100014590726553
100014601000354
100014628334881
100014632174070
100014656085096
100014661198990
100014661456638
100014677789076
100014690402560
100014710203896
100014710895788
100014714434429
100014717170679
100014720176733
100014722982394
100014728453503
100014762192978
100014816956518
100014838870236
100014839904775
100014842604347
100014854054453
100014860176161
100014878142859
100014887954657
100014900795573
100014909202094
100014912644547
100014926698608
100014933494537
100014945114230
100014946033732
100014949760756
100014952213411
100014958990379
100014970941540
100014972920201
100014981970154
100014988673210
100014997611751
100015004453980
100015025621610
100015036288094
100015037205749
100015039048726
100015057977533
100015060855864
100015070099107
100015100478897
100015108423740
100015109906805
100015122445261
100015124985425
100015133966349
100015136450992
100015141617324
100015148932280
100015149140265
100015160066921
100015167208489
100015170675359
100015194297140
100015197888766
100015209358165
100015224013352
100015228939626
100015232009213
100015246853244
100015249212071
100015253207314
100015260051281
100015277987906
100015279915609
100015280721699
100015285073005
100015296887225
100015300876238
100015301154449
100015304833193
100015304994957
100015305227780
100015307178631
100015307747130
100015308976544
100015316993511
100015323986416
100015327588538
100015329103671
100015330990279
100015333407249
100015338160749
100015340368576
100015349862815
100015361650195
100015362443388
100015365167615
100015376623612
100015392868691
100015394111796
100015394485006
100015401830077
100015435279163
100015459846467
100015467356775
100015470311095
100015473418237
100015473917067
100015474992341
100015474999657
100015476834468
100015483042892
100015490817969
100015498825942
100015509884281
100015515058416
100015523993414
100015535659378
100015538560692
100015544891206
100015546810169
100015551317358
100015555245433
100015556860398
100015557648932
100015571478151
100015582699615
100015587771205
100015595745830
100015619926010
100015622141799
100015626371229
100015646962597
100015647702682
100015656503227
100015696098876
100015705700019
100015712000455
100015720878609
100015722356514
100015734112063
100015738969879
100015741660535
100015745350333
100015746134324
100015752203985
100015770708795
100015782863583
100015789728166
100015802299804
100015815913207
100015846104493
100015869683776
100015871500201
100015880541911
100015891887844
100015910096202
100015930180859
100015932590333
100015937201387
100015974556651
100015987813156
100016024005202
100016027116613
100016091264543
100016091715321
100016111358458
100016129277860
100016139807298
100016169475578
100016206994877
100016254603405
100016268834331
100016298710245
100016318178953
100016321788881
100016419281546
100016427173056
100016428432809
100016431151817
100016437462141
100016486478183
100016517492999
100016524313234
100016527960041
100016532132360
100016573084767
100016585145638
100016592584138
100016607672403
100016610266397
100016627245817
100016665123062
100016707577591
100016734810419
100016741682459
100016747069503
100016755527760
100016756570675
100016767138300
100016789354363
100016806425627
100016807626304
100016834022391
100016853883143
100016854996050
100016862743025
100016862865141
100016889010164
100016889984818
100016900427760
100016940530574
100016953095269
100016967897683
100016975350209
100016977552660
100016995606009
100017003832900
100017048525541
100017051880696
100017063799891
100017073015983
100017075558910
100017115996418
100017117537452
100017121199256
100017136035304
100017153162125
100017211811456
100017237740388
100017286402467
100017313438630
100017321977438
100017329117854
100017335601751
100017363910397
100017421423885
100017431149731
100017458964819
100017502065448
100017574049396
100017590717138
100017592755249
100017621705309
100017623126224
100017773630779
100017818444786
100017983666289
100018385758120
100591234943868
121668415030859
129562434059425
137739563028082
145953645810788
149174835238259
212766595794860
253829171629382
256773501447033
258995187847244
267850336986396
275746069489913
346334805724398
387337258090931
391073184434184
559109517599911
575852102444596
644969879016633
648997441819068
662226820531321
676952139159251
689388311233330
745926435510995
878597732181474
900211180096749
917996144960818
956281117812054
961495670645211
1001940729892692
1100274156651577
1238012862956111
1250896674964976
1259637230790652
1388485701215810
1429774130567670
1438386069770574
1568851353392180
1569410570023621
1573751729595785
1633065810276913
1670658189871788
1727337967531898
1728574230758447
1740648136184263
1807361406202490
