100007751986456
100008047897370
100008102379195
100008106676480
100008261105200
100008262273084
100008262693443
100008266869868
100008278295420
100008278363221
100008278487238
100008280912293
100008283137533
100008283908508
100008285733187
100008288266262
100008355932942
100008361162635
100008367165794
100008370341151
100008370794516
100008374003778
100008374668151
100008378701286
100008379670948
100008709180107
100008711748915
100008713322296
100008713752171
100008717400546
100008723013596
100008723501460
100008740935331
100008752578343
100008757577761
100008765471234
100008768888759
100008770367332
100008775420713
100008775426157
100008777256574
100008785327067
100008794237784
100008794867441
100008799408421
100008799636925
100008801176200
100008804588734
100008805420020
100008935326051
100008960176101
100008973335853
100008973907022
100008974934861
100008987418003
100008991093805
100008991100894
100009008187922
100009013949746
100009016940221
100009018020236
100009021324615
100009026520150
100009143488153
100009147196006
100009149788700
100009154882040
100009155084192
100009162060267
100009170107511
100009186675905
100009187388098
100009187502808
100009189380167
100009199916497
100009200748617
100009202748168
100009205373405
100009210571803
100009210656626
100009214364265
100009214615969
100009215760728
100009280849404
100009289030933
100009357467660
100009360106257
100009363717587
100009364297521
100009364611723
100009366068818
100009366449512
100009372191177
100009372901697
100009375686763
100009377941788
100009379018060
100009379400618
100009379570761
100009380176027
100009380485597
100009380537010
100009496309595
100009498380582
100009498782431
100009500183629
100009500432001
100009500563685
100009501843547
100009503201728
100009503923588
100009561523555
100009566214021
100009571722870
100009581231247
100009581844369
100009582823288
100009586111947
100009587311188
100009587860242
100009595299813
100009605502382
100009772681359
100009773970800
100009778534303
100009779792472
100009784636069
100009787155497
100009793657100
100009798498980
100009824883927
100009963372040
100009965940287
100009970384072
100009972043078
100009973710918
100009973729009
100009981791585
100009983167456
100009983520664
100010074764891
100010079071218
100010080827923
100010091498224
100010096458636
100010099546305
100010102150867
100010105326791
100010109376105
100010115021625
100010115737822
100010116577479
100010121645896
100010127703229
100010127832103
100010128185857
100010128991819
100010132963769
100010133531670
100010133679027
100010136263017
100010138601657
100010139070883
100010139670574
100010145089375
100010146913035
100010147112460
100010149313378
100010151500871
100010151770086
100010205323154
100010337292166
100010339952964
100010339969060
100010345651322
100010351535808
100010351783933
100010352558049
100010352919584
100010353912259
100010355654601
100010357269791
100010363260159
100010366452681
100010370640323
100010528752543
100010726934127
100010761668900
100010885391530
100010936984042
100010941733564
100010944120229
100010945155994
100010955505326
100010960182529
100010960748809
100010966301179
100010977993020
100010987907670
100010995458789
100010996217687
100011048460335
100011050930964
100011050995834
100011056779943
100011062560339
100011067019050
100011074867488
100011077963067
100011078439241
100011081532380
100011087085275
100011088159506
100011123622413
100011186686039
100011217159959
100011223613337
100011255868402
100011257711777
100011262169089
100011263182866
100011268559517
100011281536891
100011287533649
100011292379283
100011313016652
100011313643618
100011323692724
100011323742309
100011323780729
100011327835037
100011329087101
100011332747305
100011333393880
100011345344713
100011345846585
100011354164812
100011354182366
100011358800353
100011363692527
100011367809278
100011370160176
100011397571835
100011401623339
100011412889204
100011414672511
100011417513941
100011420899892
100011422155853
100011423012495
100011424608637
100011427658594
100011435124151
100011437004684
100011438974919
100011440418610
100011440605956
100011442735937
100011444805009
100011451614312
100011455094296
100011457273333
100011464726558
100011468592453
100011475223348
100011475831323
100011481271559
100011483743615
100011492389613
100011499194527
100011504465977
100011507416138
100011517643109
100011520425150
100011608747153
100011609768977
100011610494871
100011614860906
100012048583141
100012051825807
100012052487390
100012053675621
100012054998860
100012057707362
100012462251240
100012817301537
100013172206360
100013260799424
100013349403622
100013354770903
100013357869234
100013365905754
100013374491351
100013378750284
100013387561583
100013452992693
100013464229369
100013471362268
100013471996351
100013559700620
100013565170084
100013582367695
100013591475296
100013591817607
100013610825333
100013624413882
100013627989295
100013633392158
100013682910293
100013687862279
100013691146983
100013696022455
100013699806484
100013703617993
100013704691838
100013710216465
100013710847095
100013712263030
100013715716298
100013719487398
100013729513189
100013760539067
100013765083997
100013803124024
100013804417629
100013829118386
100013831577794
100013841738992
100013842606719
100013848908780
100013849927748
100013851407052
100013858570728
100013861961274
100013863793282
100013870082602
100013883826357
100013888484649
100013897839675
100014014200374
100014018971272
100014027208896
100014054071752
100014056997667
100014059211358
100014063461833
100014063525373
100014081671904
100014086933559
100014100873731
100014105436203
100014113929345
100014118220469
100014129957676
100014156255818
100014163362093
100014168658572
100014170982025
100014177685061
100014222070124
100014223782578
100014234979421
100014242860464
100014265306908
100014282778712
100014287247634
100014288234177
100014293750667
100014302176993
100014304782572
100014304876541
100014307366501
100014324731593
100014341426373
100014346289442
100014346486404
100014349721716
100014361730138
100014386099249
100014392749796
100014395060372
100014404002999
100014410871209
100014413661110
100014536147657
100014573778775
100014581415742
100014590597394
100014590726553
100014601000354
100014628334881
100014632174070
100014656085096
100014661198990
100014661456638
100014677789076
100014690402560
100014710203896
100014878142859
100014887954657
100014900795573
100014909202094
100014912644547
100014926698608
100014933494537
100014945114230
100014946033732
100014949760756
100014952213411
100014958990379
100014970941540
100014972920201
100014981970154
100014988673210
100014997611751
100015004453980
100015025621610
100015036288094
100015037205749
100015039048726
100015057977533
100015060855864
100015070099107
100015100478897
100015108423740
100015109906805
100015122445261
100015124985425
100015133966349
100015136450992
100015232009213
100015330990279
100015333407249
100015338160749
100015340368576
100015349862815
100015361650195
100015362443388
100015365167615
100015376623612
100015392868691
100015474992341
100015474999657
100015476834468
100015483042892
100015490817969
100015498825942
100015595745830
100015619926010
100015622141799
100015626371229
100015646962597
100015647702682
100015656503227
100015696098876
100015705700019
100015712000455
100015720878609
100015722356514
100015734112063
100015738969879
100015741660535
100015745350333
100015746134324
100015752203985
100015770708795
100015782863583
100015789728166
100015802299804
100015815913207
100015846104493
100015869683776
100015871500201
100015880541911
100015891887844
100015910096202
100015930180859
100015932590333
100015937201387
100015974556651
100015987813156
100016024005202
100016027116613
100016091264543
100016585145638
100016592584138
100016607672403
100016610266397
100016627245817
256773501447033
258995187847244
267850336986396
275746069489913
346334805724398
387337258090931
391073184434184
559109517599911
1429774130567670
1438386069770574
1568851353392180
1569410570023621
1573751729595785
1633065810276913
1670658189871788
1727337967531898
1728574230758447
1740648136184263
1807361406202490
100004167611074
100004174776987
100004257222706
100004257513902
100004258753254
100004260484969
100004261748797
100004264568760
100004266153030
100004267660320
100004268926299
100004273952956
100004315328681
100004316267259
100004316267298
100004316505038
100004317090478
100004317641170
100004318118708
100004321327580
100004513657584
100004515520723
100004516328960
100004518368959
100004518823298
100004519360288
100004526588917
100004533935129
100004556078793
100004556100349
100004556386301
100004556763323
100004558450093
100004562142757
100004600458187
100004600680588
100004601223806
100004602278176
100004603783419
100004609328216
100004612424448
100004632130425
100004636719236
100004637082749
100004639475938
100004641156196
100004643471927
100004644817413
100004683483035
100004690984771
100004692103448
100004692211918
100004696683910
100004698342252
100004698703018
100004699538504
100004702004560
100004704078940
100004704631672
100004710636142
100004712470075
100004713973040
100004714835315
100004720507332
100004721975113
100004723120039
100004724594544
100004725973797
100004726024399
100004933097476
100004934855572
100004935513614
100004937687879
100004938613538
100004941332665
100004942879240
100004947159538
100004949591333
100004950872909
100005096045608
100005101590549
100005103284446
100005104066486
100005104873108
100005105114425
100005106092650
100005106785048
100005107651287
100005121516006
100005124318610
100005131320176
100005132141603
100005134475050
100005261739007
100005264531732
100005265315010
100005265612640
100005268646916
100005274936427
100005278353887
100005286933151
100005290394345
100005294102662
100005316935025
100005318190540
100005320627026
100005325547334
100005326300224
100005328248799
100005329200953
100005330559188
100005332652784
100005335124190
100005336469026
100005339624591
100005341115978
100005448217827
100005451210818
100005451577950
100005457870080
100005459111876
100005461590357
100005461998146
100005464202453
100005465051964
100005465105460
100005465612202
100005466337200
100005467330192
100005467657134
100005467869342
100005471372644
100005473271319
100005475695945
100005475758368
100005477917079
100005477973529
100005478690759
100005482474205
100005483435333
100005486348894
100005487011769
100005487702138
100005487765190
100005489764190
100005493902059
100005498441089
100005500924624
100005502818050
100005503800930
100005572995280
100005574041035
100005574943232
100005575202366
100005579712161
100005581969043
100005582708834
100005583194069
100005700030505
100005703872349
100005704265405
100005704294077
100005805484118
100005806293470
100005808370430
100005809123586
100005810255460
100005812143932
100005812625143
100005818025531
100005820002167
100005827119862
100005827654763
100005828193372
100005915199511
100005915913994
100005920981897
100006050981060
100006062135887
100006062160233
100006067625029
100006068504343
100006069853161
100006073236740
100006199712871
100006212137510
100006213371232
100006219660743
100006223928943
100006230142182
100006234452673
100006237693118
100006264542921
100006268872839
100006269581968
100006273279873
100006280896867
100006281347712
100006282185403
100006285002577
100006286719220
100006289778010
100006295876986
100006296551431
100006298391096
100006303517330
100006303697153
100006303941588
100006304651101
100006306394886
100006307873666
100006314490448
100006314854555
100006323673781
100006326173314
100006327340913
100006329104036
100006341200066
100006343081913
100006345215058
100006346570041
100006349321851
100006350978694
100006351334679
100006353194033
100006355063137
100006357811041
100006358022501
100006361082732
100006361241601
100006367572170
100006370807139
100006376479342
100006378913762
100006381300865
100006383976764
100006384041942
100006386522587
100006386679313
100006388501404
100006389411019
100006390639270
100006392342464
100006393377197
100006394390803
100006396603805
100006397507823
100006402220517
100006403680007
100006407956082
100006408033426
100006408091396
100006408335055
100006409324439
100006409506365
100006425505421
100006427633945
100006428234371
100006430105164
100006431143202
100006432233304
100006434889335
100006437151813
100006437350869
100006439270729
100006439296194
100006440946809
100006443957852
100006445051331
100006445502755
100006448936017
100006451297931
100006451624929
100006453280788
100006455660295
100006456726220
100006458314586
100006458660875
100006466053578
100006466502293
100006469121054
100006472375672
100006472538019
100006473649793
100006474701090
100006478401662
100006479406809
100006480422345
100006480740186
100006483560440
100006483931834
100006484380273
100006492097479
100006492780210
100006493357929
100006493563342
100006494110719
100006500473479
100006500540021
100006501107949
100006502601523
100006504948617
100006505419304
100006505898001
100006523816904
100006524973289
100006525906826
100006528918686
100006531733149
100006531911063
100006532861816
100006534752950
100006538660510
100006542026439
100006542320704
100006543252297
100006544926783
100006545202425
100006545490979
100006549886531
100006551431825
100006555938704
100006556773992
100006558553786
100006558691110
100006609274389
100006610081481
100006614340434
100006619933814
100006620648143
100006625386537
100006626232227
100006627606839
100006627994372
100006631807283
100006636901101
100006639969079
100006640058458
100006641104569
100006641737553
100006642616976
100006646392349
100006650466578
100006651845517
100006653883493
100006655510562
100006655625565
100006660399895
100006661835050
100006665223252
100006669394038
100006676338445
100006679634321
100006681043761
100006681369924
100006683614585
100006685052160
100006685442358
100006686912074
100006689524493
100006689764789
100006696274497
100006696582265
100006704769201
100006705668285
100006708070541
100006709920793
100006710971814
100006711571880
100006711601730
100006714436476
100006715664450
100006734678586
100006736509205
100006743744920
100006760621508
100006760685930
100006760847132
100006761220183
100006764744038
100006767347901
100006767712769
100006770405014
100006806977835
100006807887179
100006815505350
100006815652401
100006816554035
100006888105013
100006890287642
100006906887296
100006923657038
100006926140741
100006932292499
100006933973192
100006939309775
100006939933528
100006940216138
100006945692968
100006957396733
100006960438641
100006962408860
100006963159698
100006967602718
100006972759442
100006978644308
100006980469321
100006982055469
100006984435570
100006986444731
100006990499259
100006993578298
100006993791419
100006994890674
100006998287858
100007001860446
100007005008203
100007014822900
100007020693140
100007031431623
100007040941079
100007042357474
100007043042412
100007046802732
100007047250200
100007055209064
100007057514542
100007059634156
100007062824634
100007063187666
100007069414029
100007070773927
100007072832675
100007076299369
100007077691886
100007077706816
100007079263787
100007082680489
100007086130203
100007089165076
100007090177412
100007091440161
100007098313519
100007099664303
100007099690156
100007107367395
100007111444495
100007116635159
100007119075827
100007123540011
100007124586957
100007131155950
100007133672810
100007135440874
100007141423666
100007143393213
100007153711792
100007156056644
100007156323661
100007158781423
100007161060942
100007164793044
100007166645922
100007172945335
100007175928876
100007176031245
100007182695936
100007186592206
100007191377865
100007192810462
100007198866547
100007199430734
100007205808647
100007208556462
100007211252067
100007218482246
100007222904801
100007223355349
100007223924304
100007228153318
100007231992858
100007241352393
100007244715028
100007249005262
100007250742229
100007251903445
100007254489545
100007266552885
100007269157630
100007278134171
100007281077525
100007292919507
100007301887840
100007308489068
100007311940508
100007327745001
100007328494709
100007331676637
100007332070960
100007334402307
100007338529489
100007347931160
100007351712722
100007360391204
100007363519402
100007366023662
100007368160370
100007368973941
100007370052636
100007375181298
100007375604199
100007376264887
100007382919579
100007385326593
100007404466138
100007415525609
100007427076785
100007428283303
100007428820209
100007432082573
100007432389706
100007444593790
100007448621757
100007449846197
100007453216267
100007453367216
100007462817192
100007476548883
100007478775081
100007482526103
100007487081674
100007496376987
100007499551076
100007503463837
100007510756194
100007522925164
100007523318687
100007524195969
100007524812953
100007524939069
100007526386406
100007531519287
100007532718426
100007554032805
100007558803517
100007568747481
100007572758810
100007577199158
100007606020026
100007613673372
100007618834553
100007619465397
100007626428542
100007629454651
100007631883377
100007634530827
100007634675600
100007644437078
100007647582059
100007648983069
100007653527448
100007655952738
100007664910622
100007674094772
100007677784934
100007690869011
100007698162169
100007698730101
100007702781607
100007702898041
100007712117453
100007712387368
100007718468471
100007722008783
100007727747044
100007734968574
100007735658150
100007738337308
100007740630543
100007744890861
100007749878519
100007749965361
100007751443295
100007751850793
100007754227951
100007755280114
100007755436057
100007757203644
100007759126321
100007762473193
100007764976715
100007766764925
100007771324777
100007771806584
100007773362992
100007773636517
100007773853100
100007787528319
100007789637943
100007804955134
100007813500125
100007815455601
100007817731668
100007826262643
100007830077477
100007830768712
100007832492391
100007836157455
100007837391564
100007840266219
100007840424600
100007840593978
100007843265853
100007844197465
100007847612923
100007853462318
100007854995894
100007872786408
100007874447930
100007878523967
100007880567050
100007881032478
100007882788914
100007884523639
100007884611009
100007886856001
100007894898392
100007895041104
100007895524877
100007897986135
100007901015899
100007902617995
100007906362710
100007911228325
100007911401978
100007915387007
100007917937148
100007918920601
100007921058660
100007926151226
100007934983031
100007937289029
100007947046418
100007947223004
100007948087174
100007950120562
100007950271229
100007953914275
100007957383405
100007959125718
100007960356739
100007964473722
100007964955221
100007967884613
100007969417108
100007973408980
100007975809758
100007976740385
100008003289285
100008004333552
100008004365670
100008015953669
100008018885857
100008020774947
100008024357922
100008028903574
100008030319173
100008032893395
100008043822242
100008048497287
100008052818786
100008053087447
100008053874724
100008059004820
100008067481661
100008070490434
100008077418999
100008077782927
100008078295043
100008080144121
100008080215409
100008084100006
100008084410522
100008091519724
100008096266566
100008097482685
100008097907008
100008100672617
100008100941415
100008131620403
100008133903878
100008136738959
100008152812082
100008154872002
100008161384777
100008161601563
100008179325530
100008180117619
100008180490413
100008181135337
100008183464177
100008183658870
100008190671635
100008193494200
100008193906603
100008198315698
100008200387035
100008200786239
100008203597788
100008208044214
100008208907326
100008215682342
100008219887805
100008228350718
100008228436308
100008228528883
100008230861956
100008231652360
100008233906933
100008235366645
100008239443259
100008240644103
100008241758592
100008246052621
100008249740437
100008253182944
100008253496924
100008260083697
100008260393285
100008289046815
100008298016133
100008302065959
100008302536524
100008302778986
100008306533751
100008314038093
100008317479089
100008318651321
100008320597841
100008321050890
100008325348514
100008332293008
100008337033370
100008339344220
100008342490509
100008343336066
100008344186985
100008351382273
100008355211688
100008381865619
100008383633094
100008385827527
100008390252524
100008391763682
100008399370392
100008406493142
100008412731393
100008419244940
100008427450999
100008428814239
100008430679105
100008430870567
100008431996982
100008432749000
100008433613662
100008446537079
100008454302047
100008460249287
100008460854443
100008463586629
100008472123856
100008473185633
100008473800029
100008477985909
100008481725390
100008483508103
100008489046655
100008492597832
100008497385664
100008498889220
100008500035987
100008500514550
100008501911652
100008502766119
100008503415951
100008509125821
100008509481254
100008515189247
100008516918691
100008518327167
100008527966793
100008536009461
100008541032885
100008547000694
100008547366555
100008576342399
100008579683347
100008580965074
100008585297772
100008587924337
100008589705855
100008590383848
100008591534530
100008592635723
100008604305575
100008617869344
100008619909752
100008622633743
100008626156163
100008628521150
100008633559546
100008645208945
100008658610386
100008672647238
100008675621260
100008680210508
100008699371073
100008700645358
100008701684541
100008707591234
100008707684036
100008863530867
100008867464346
100008872602930
100008882041802
100008883035188
100008892010444
100008892514916
100008902717041
100008907286279
100008912804158
100008915226808
100008915529817
100008919948489
100008922900386
100008926116510
100008930768059
100008931759806
100009027918838
100009033263516
100009039344568
100009039529172
100009039542315
100009045309974
100009080041825
100009082350600
100009092275309
100009093764493
100009099449937
100009101575874
100009102790807
100009103483802
100009106115601
100009107586792
100009108242171
100009113129501
100009216433061
100009220719974
100009223392675
100009223768923
100009224137605
100009224703751
100009225025495
100009225986426
100009226431411
100009232106038
100009232902516
100009235723249
100009238004958
100009243161772
100009243355763
100009244648355
100009247722432
100009247865874
100009251849328
100009252292813
100009253039943
100009254947660
100009261666941
100009262039971
100009263720737
100009265401793
100009266122982
100009267252132
100009268058267
100009268991562
100009271396749
100009271809420
100009271909601
100009280198896
100009281349719
100009281882396
100009281949368
100009283255017
100009284032111
100009287089934
100009288254733
100009288749090
100009290928715
100009291829274
100009294325702
100009295547887
100009295574655
100009300614244
100009301319266
100009304107145
100009308771018
100009310905296
100009311370267
100009311560408
100009314003665
100009314224703
100009316776915
100009320562855
100009324262042
100009325293621
100009325729203
100009326417760
100009326985471
100009381710650
100009384668258
100009386487141
100009388652409
100009390169475
100009395144664
100009397854370
100009398366165
100009403708882
100009407306247
100009409721373
100009411285516
100009413742129
100009422029490
100009426265329
100009429478234
100009430419982
100009438794289
100009441844749
100009443497393
100009444003958
100009445690600
100009450964967
100009456547998
100009457631612
100009463660935
100009463733920
100009468750636
100009470251006
100009471075112
100009473615746
100009474395242
100009480222987
100009481321629
100009483317183
100009487549316
100009489863004
100009537797217
100009538513175
100009540991313
100009542441847
100009543219236
100009545689858
100009548766090
100009550281173
100009551393226
100009553428608
100009554593071
100009554973839
100009555881638
100009605509492
100009607542147
100009611899933
100009613022504
100009615604186
100009619898715
100009623225999
100009624347421
100009630735204
100009633130428
100009633493734
100009638251373
100009638687989
100009647739347
100009649513030
100009660434382
100009670620152
100009675677985
100009677895362
100009681164389
100009684902461
100009696401153
100009697211858
100009697875098
100009699795239
100009701265780
100009703682797
100009708244124
100009708457885
100009711671330
100009711822455
100009712180334
100009712815623
100009731629084
100009732997666
100009733663847
100009738515356
100009739006342
100009739690979
100009751452077
100009755619205
100009757277314
100009769440395
100009769814097
100009771879556
100009772388168
100009802208073
100009803050304
100009813347104
100009816452689
100009817997351
100009821112719
100009823746036
100009826150181
100009829204259
100009829623797
100009831887692
100009840842127
100009841382792
100009841475911
100009843906299
100009854972600
100009859509609
100009861454238
100009862085882
100009870843929
100009871278678
100009879319481
100009886841763
100009891300446
100009893197491
100009895540044
100009909009561
100009909133563
100009914616958
100009915227713
100009922786059
100009933277095
100009934719613
100009935405707
100009936286751
100009938133078
100009948047918
100009948798498
100009954123194
100009959320034
100009961269165
100009961812216
100009986402381
100009987785835
100009988541091
100009988695564
100009989319484
100009990730330
100009991920640
100009993192042
100009994860454
100010002364626
100010002496256
100010003452825
100010010584979
100010012508663
100010016079233
100010017575142
100010020879629
100010020914618
100010023335876
100010029824104
100010034917447
100010035998374
100010044488695
100010052382964
100010057724925
100010061925507
100010061972378
100010064580632
100010068349944
100010069207499
100010073267949
100010160551521
100010166260647
100010169943369
100010173976883
100010174024634
100010176136707
100010176632635
100010181554742
100010189419553
100010189424443
100010192419724
100010195393164
100010197755123
100010198157450
100010199135464
100010199616676
100010199895407
100010201899622
100010205409303
100010208384737
100010208670573
100010209793447
100010218858708
100010223806022
100010225420126
100010226227882
100010227540252
100010230646424
100010233224240
100010234574264
100010236875995
100010238146343
100010241769137
100010245644009
100010247373771
100010247701861
100010248283036
100010250796589
100010253734225
100010255749969
100010256110208
100010256375696
100010260152281
100010260901620
100010264598176
100010268202254
100010269573457
100010276367284
100010283172935
100010287364968
100010288669544
100010289445924
100010290824510
100010293041184
100010296464641
100010297413593
100010303143658
100010307229774
100010313918457
100010318843628
100010320587804
100010327448942
100010330296706
100010331790890
100010335216723
100010335874867
100010335990295
100010373974648
100010381005474
100010383225181
100010383647589
100010384746504
100010392423556
100010400949261
100010405415725
100010405562672
100010405897354
100010406449302
100010406837385
100010410092162
100010410601359
100010410723905
100010417020042
100010424592681
100010424944498
100010431758133
100010433980021
100010438327998
100010438909342
100010442476974
100010442502745
100010444201969
100010446221464
100010448115282
100010449166961
100010454461044
100010455314628
100010457478061
100010459992048
100010460552302
100010461814301
100010466263705
100010468058121
100010471712144
100010473152878
100010474952869
100010475404815
100010475595356
100010477620694
100010480475243
100010482065939
100010482639654
100010483870473
100010486419831
100010501356420
100010504219027
100010504350275
100010504951198
100010510154836
100010511440833
100010517382970
100010518252896
100010520438175
100010525809979
100010526358310
100010526435960
100010526915347
100010528188389
100010528597994
100010529084577
100010533880124
100010535551773
100010540754780
100010543216602
100010545739105
100010547470384
100010553748303
100010553928439
100010554376381
100010555125773
100010560606933
100010564422789
100010567279311
100010569000240
100010569003970
100010573573713
100010585451140
100010589527400
100010590601062
100010592766137
100010593249686
100010598402278
100010602784345
100010605690914
100010605904959
100010609780680
100010611512674
100010615809385
100010617720481
100010620212255
100010621067003
100010624366743
100010625911518
100010627721623
100010632009408
100010634794245
100010636127746
100010637739637
100010640191508
100010645218669
100010651543404
100010658340866
100010664807376
100010666266855
100010667191863
100010670041740
100010670881791
100010673172122
100010680825173
100010681065514
100010700376352
100010700628454
100010701720497
100010707243373
100010708354133
100010710855964
100010712191712
100010712659374
100010714149315
100010715415501
100010716432607
100010716635966
100010724013860
100010727225112
100010727390365
100010736958411
100010738453847
100010740751231
100010742984604
100010746346645
100010755405460
100010756576821
100010759748235
100010761426875
100010761664084
100010769829172
100010773136655
100010775108137
100010778553349
100010785456217
100010788272727
100010789605036
100010791011556
100010791643565
100010798306060
100010798634326
100010800883714
100010803546344
100010806155451
100010808835553
100010812844216
100010814915777
100010820679299
100010824616648
100010855327851
100010855904652
100010858414928
100010869450056
100010871381340
100010871653093
100010872908571
100010879291758
100010880135148
100010884644303
100010886985684
100010891720605
100010892524423
100010895917583
100010899344889
100010905286200
100010910198983
100010914673448
100010925403153
100010925983742
100010931024075
100010934867572
100010997790851
100010999206907
100011006958087
100011007911123
100011008684935
100011018530764
100011018730054
100011021501498
100011022368243
100011032302571
100011037817143
100011040287013
100011044159224
100011046190004
100011090851228
100011091252381
100011091634708
100011092803463
100011112225369
100011123496037
100011125121586
100011126711200
100011132796015
100011142240865
100011147526793
100011163701448
100011170908895
100011173091097
100011174017083
100011184422867
100011206144772
100011334001282
100011336317777
100011372546984
100011374978122
100011377943151
100011378291707
100011386424994
100011386691107
100011529858419
100011530265469
100011533145355
100011534078843
100011534658202
100011536997767
100011540293424
100011554787458
100011565970815
100011568661666
100011571971707
100011574967974
100011581274843
100011582190264
100011584963726
100011591114764
100011591466578
100011593717671
100011596606183
100011598660812
100011602290563
100011606490947
100011619338263
100011619481660
100011622306490
100011622705535
100011631030789
100011633810158
100011650691068
100011652129127
100011660827713
100011661523313
100011661639771
100011667259388
100011670378230
100011671515638
100011672750188
100011677111653
100011677263733
100011679346205
100011683803081
100011696316161
100011696639437
100011700461584
100011703988170
100011709248616
100011712264069
100011714410237
100011718700302
100011724108693
100011726859869
100011735585949
100011741583567
100011750443234
100011760091163
100011769601634
100011771766220
100011772811152
100011774181989
100011782161483
100011787457716
100011788027146
100011792465942
100011799080198
100011805197272
100011820062451
100011834684107
100011842444768
100011863465201
100011864268593
100011865279727
100011875219919
100011906175392
100011949258088
100011964240339
100011973165280
100011986470529
100011987535404
100011988944747
100011989721855
100011995098692
100012025449977
100012025904979
100012026563413
100012029235113
100012029652724
100012063528822
100012065806179
100012066377573
100012070636735
100012072216974
100012073634673
100012078889196
100012081256610
100012086287180
100012086471064
100012105948628
100012106058288
100012110198495
100012111065351
100012115214118
100012116560230
100012124657212
100012125221077
100012137478540
100012146772884
100012160388919
100012169818331
100012193952003
100012204212455
100012208097203
100012209200962
100012209656129
100012211744289
100012228668055
100012237905191
100012249336685
100012255518389
100012264188232
100012278798048
100012283477737
100012284595301
100012285104473
100012290177346
100012313771144
100012315017626
100012317352938
100012317614514
100012323465960
100012328249059
100012330013001
100012335172435
100012345706125
100012353412354
100012353506670
100012359613979
100012363962587
100012371022237
100012382747533
100012417223835
100012434719159
100012437413356
100012446207676
100012450222041
100012453516599
100012458014760
100012460171102
100012461349633
100012472601646
100012483820038
100012500708245
100012511566149
100012519404191
100012544657657
100012561884154
100012573151818
100012630846450
100012638405321
100012639555546
100012657919530
100012659790063
100012660372692
100012684825929
100012687277348
100012687616054
100012690048257
100012708858147
100012721964012
100012746792566
100012751952948
100012759369902
100012765185484
100012772124187
100012786432934
100012790985947
100012801939535
100012808663171
100012820983443
100012832841688
100012852843040
100012864306752
100012865380358
100012866893538
100012880266219
100012910874534
100012930826095
100012931215653
100012931475545
100012938080490
100012941953455
100012956119090
100012961389505
100012965021011
100012971403548
100012983883340
100012995706597
100013001622423
100013003602072
100013004258025
100013008888730
100013014694543
100013019807368
100013023192095
100013029161353
100013033631055
100013034564885
100013035582504
100013037014839
100013038697109
100013045574496
100013048451380
100013053007339
100013060988918
100013064821897
100013079372614
100013086580081
100013090030772
100013113399378
100013115059055
100013115117143
100013133204740
100013134963331
100013135480853
100013138781002
100013162247516
100013163195896
100013174533839
100013181355238
100013194812304
100013196747673
100013217143013
100013223921315
100013234366511
100013235970465
100013243930385
100013249093166
100013249323428
100013255655079
100013293366023
100013304502670
100013305573816
100013305640023
100013306927292
100013325653590
100013326850300
100013332376954
100013333212507
100013336123443
100013336306486
100013399510321
100013403948265
100013418017266
100013418622687
100013430921343
100013435025775
100013450928549
100013477747956
100013477869685
100013479578768
100013491524780
100013501359114
100013523239535
100013528953103
100013550042068
100013555860902
100013556983910
100013637892319
100013638036619
100013638406384
100013639998249
100013656585695
100013658885774
100013663720250
100013663890972
100013665763241
100013678755144
100013681485453
100013921896028
100013923585623
100013925689011
100013935219128
100013939080254
100013952146891
100013962877284
100013965647149
100013970049603
100013987514872
100013994358510
100013996981196
100013998638640
100014181339988
100014184467492
100014188441595
100014211079451
100014212236281
100014214631655
100014216836322
100014423167924
100014435582193
100014457600548
100014474023384
100014474947879
100014477892616
100014483653474
100014484583459
100014503962515
100014517037355
100014517972502
100014520222508
100014542997753
100014555627033
100014557748226
100014557777384
100014560651798
100014563681433
100014564312583
100014564508264
100014710895788
100014714434429
100014717170679
100014720176733
100014722982394
100014728453503
100014762192978
100014816956518
100014838870236
100014839904775
100014842604347
100014854054453
100014860176161
100015141617324
100015148932280
100015149140265
100015160066921
100015167208489
100015170675359
100015194297140
100015197888766
100015209358165
100015224013352
100015228939626
100015246853244
100015249212071
100015253207314
100015260051281
100015277987906
100015279915609
100015280721699
100015285073005
100015296887225
100015300876238
100015301154449
100015304833193
100015304994957
100015305227780
100015307178631
100015307747130
100015308976544
100015316993511
100015323986416
100015327588538
100015329103671
100015394111796
100015394485006
100015401830077
100015435279163
100015459846467
100015467356775
100015470311095
100015473418237
100015473917067
100015509884281
100015515058416
100015523993414
100015535659378
100015538560692
100015544891206
100015546810169
100015551317358
100015555245433
100015556860398
100015557648932
100015571478151
100015582699615
100015587771205
100016091715321
100016111358458
100016129277860
100016139807298
100016169475578
100016206994877
100016254603405
100016268834331
100016298710245
100016318178953
100016321788881
100016419281546
100016427173056
100016428432809
100016431151817
100016437462141
100016486478183
100016517492999
100016524313234
100016527960041
100016532132360
100016573084767
100016665123062
100016707577591
100016734810419
100016741682459
100016747069503
100016755527760
100016756570675
100016767138300
100016789354363
100016806425627
100016807626304
100016834022391
100016853883143
100016854996050
100016862743025
100016862865141
100016889010164
100016889984818
100016900427760
100016940530574
100016953095269
100016967897683
100016975350209
100016977552660
100016995606009
100017003832900
100017048525541
100017051880696
100017063799891
100017073015983
100017075558910
100017115996418
100017117537452
100017121199256
100017136035304
100017153162125
100017211811456
100017237740388
100017286402467
100017313438630
100017321977438
100017329117854
100017335601751
100017363910397
100017421423885
100017431149731
100017458964819
100017502065448
100017574049396
100017590717138
100017592755249
100017621705309
100017623126224
100017773630779
100017818444786
100017983666289
100018385758120
100591234943868
